     0/299     1.83G    0.1076   0.07052         0    0.1781        60       416  0.008441    0.2692  0.003228 0.0004185   0.09362   0.05422         0
     1/299     1.84G    0.1006   0.07993         0    0.1806        44       416  0.008627    0.2751   0.00324 0.0004279    0.0888   0.05752         0
     2/299     1.84G   0.09914   0.08829         0    0.1874        60       416  0.008349    0.2663  0.003531 0.0004917   0.08755   0.05824         0
     3/299     1.84G   0.09705   0.08005         0    0.1771        44       416  0.008256    0.2633  0.002715 0.0003893   0.08634   0.05915         0
     4/299     1.84G   0.09656   0.07929         0    0.1759        48       416  0.008813    0.2811  0.003494 0.0005135   0.08578   0.05959         0
     5/299     1.84G   0.09581   0.07611         0    0.1719        15       416  0.008854    0.2367  0.002765 0.0004113   0.08581   0.05958         0
     6/299     1.84G   0.09625   0.08135         0    0.1776        24       416  0.007686    0.1746  0.002359 0.0003453   0.09206    0.0559         0
     7/299     1.84G   0.09546   0.07676         0    0.1722        38       416  0.007866    0.1302  0.002471 0.0003732    0.0932   0.05576         0
     8/299     1.84G   0.09504   0.08071         0    0.1757        45       416  0.005913    0.2396  0.001647 0.0002438    0.1036   0.05104         0
     9/299     1.84G   0.09514   0.07929         0    0.1744        44       416  0.007189    0.1627  0.002433 0.0003724   0.09997   0.05107         0
    10/299     1.84G   0.09531    0.0783         0    0.1736        28       416  0.008047    0.1065  0.002513 0.0003369   0.09625   0.05332         0
    11/299     1.84G   0.09559   0.07964         0    0.1752        35       416  0.007813    0.1805  0.002739 0.0004034   0.09089   0.05637         0
    12/299     1.84G   0.09503   0.07591         0    0.1709        57       416  0.007977     0.213  0.002823 0.0004094   0.09001     0.057         0
    13/299     1.84G   0.09497   0.07571         0    0.1707        56       416  0.009258    0.1746  0.002997 0.0004251    0.0943   0.05369         0
    14/299     1.84G   0.09401    0.0785         0    0.1725        47       416  0.008652    0.4112  0.003919 0.0006031   0.08598   0.05942         0
    15/299     1.84G   0.09409   0.07947         0    0.1736        38       416   0.00891    0.1805  0.003705 0.0005669   0.08514   0.06013         0
    16/299     1.84G    0.0929   0.08291         0    0.1758        43       416  0.009064    0.2249  0.004036 0.0006088   0.08641   0.05897         0
    17/299     1.84G   0.09327   0.08116         0    0.1744        46       416  0.009025    0.2308  0.003853  0.000565   0.08688   0.05865         0
    18/299     1.84G   0.09314   0.08314         0    0.1763        61       416  0.009377    0.2633   0.00426  0.000683   0.08614   0.05908         0
    19/299     1.84G   0.09267   0.07741         0    0.1701        25       416   0.01083    0.5237  0.005843 0.0009655   0.08436    0.0601         0
    20/299     1.84G   0.09215   0.07802         0    0.1702        37       416   0.01163    0.5651  0.007734  0.001499   0.08377   0.06052         0
    21/299     1.84G   0.09237   0.07671         0    0.1691        59       416   0.09248   0.07692   0.02066  0.005256   0.08342   0.06039         0
    22/299     1.84G   0.09053   0.08139         0    0.1719        50       416   0.09955    0.1302   0.03409  0.007878   0.08287   0.05983         0
    23/299     1.84G    0.0901    0.0779         0     0.168        32       416    0.1148    0.1124   0.04196  0.009474   0.08282   0.05927         0
    24/299     1.84G   0.08862   0.07694         0    0.1656        25       416   0.06478    0.1391   0.03001  0.007154   0.08761   0.07336         0
    25/299     1.84G   0.08662   0.07734         0     0.164        61       416   0.01865    0.0503  0.006056  0.001219   0.08982   0.06127         0
    26/299     1.84G   0.08614   0.07833         0    0.1645        42       416   0.01099    0.3107   0.00526 0.0009726   0.08591   0.07521         0
    27/299     1.84G    0.0844   0.07792         0    0.1623        40       416   0.03693    0.1538   0.01863   0.00384   0.08662   0.05828         0
    28/299     1.84G   0.08202   0.07601         0     0.158        63       416    0.1476    0.1036   0.04134   0.01082   0.08533   0.05608         0
    29/299     1.84G      0.08   0.07412         0    0.1541        57       416    0.1121    0.2426   0.06497   0.01698   0.08086   0.05452         0
    30/299     1.84G   0.07961   0.07366         0    0.1533        48       416    0.2112    0.3757    0.1527   0.03485   0.07425   0.05358         0
    31/299     1.84G   0.07827   0.07567         0    0.1539        43       416    0.2099    0.4438    0.1857   0.04829   0.07224   0.05324         0
    32/299     1.84G    0.0765   0.07041         0    0.1469        39       416   0.05706   0.09467   0.01999  0.004219   0.08248    0.0596         0
    33/299     1.84G   0.07751    0.0719         0    0.1494        54       416   0.04018   0.08284   0.01003  0.002163   0.08484   0.06036         0
    34/299     1.84G   0.07415   0.07345         0    0.1476        37       416    0.3409    0.3787    0.2644   0.07669   0.06844   0.05204         0
    35/299     1.84G   0.07378   0.07214         0    0.1459        30       416    0.2306    0.1065   0.05186   0.01449   0.08098   0.05936         0
    36/299     1.84G   0.07174   0.07164         0    0.1434        24       416     0.284    0.1627   0.08868   0.02256   0.07774    0.0579         0
    37/299     1.84G   0.07252   0.07225         0    0.1448        32       416   0.04429    0.1183   0.01588  0.004078    0.0818   0.06176         0
    38/299     1.84G   0.07301   0.07414         0    0.1471        51       416   0.05115    0.1154   0.01635  0.003587   0.08161   0.05769         0
    39/299     1.84G   0.07171   0.07497         0    0.1467        80       416    0.2127    0.2692    0.1254   0.03144   0.07057   0.05363         0
    40/299     1.84G   0.07308   0.07336         0    0.1464        48       416    0.2227    0.2337    0.1127   0.03341   0.07259   0.05579         0
    41/299     1.84G   0.07206    0.0715         0    0.1436        45       416   0.03132   0.05325  0.006408  0.001437   0.08955   0.05816         0
    42/299     1.84G   0.07035   0.07073         0    0.1411        72       416    0.1682    0.2722    0.1082   0.02965    0.0725   0.05529         0
    43/299     1.84G   0.06981   0.06894         0    0.1387        33       416    0.3596    0.3994    0.2509   0.07007   0.06817   0.05329         0
    44/299     1.84G   0.06778    0.0709         0    0.1387        52       416    0.2813    0.2012    0.1437    0.0297   0.07917    0.0483         0
    45/299     1.84G   0.06806   0.07259         0    0.1407        46       416    0.4033    0.3728    0.3018   0.08435   0.06776   0.04899         0
    46/299     1.84G   0.06651   0.07107         0    0.1376        28       416     0.261    0.3314    0.1634   0.05072   0.06978   0.05265         0
    47/299     1.84G   0.06738   0.07392         0    0.1413        37       416    0.3891    0.5118    0.3747     0.135   0.06184   0.05011         0
    48/299     1.84G   0.06525   0.06949         0    0.1347        57       416    0.3876     0.287    0.2498   0.07063   0.06966   0.05303         0
    49/299     1.84G   0.06559   0.07255         0    0.1381        61       416    0.4846    0.5342     0.446    0.1612   0.05743   0.04958         0
    50/299     1.84G   0.06482   0.06937         0    0.1342        59       416    0.5218    0.5178    0.4977    0.1789   0.05791    0.0458         0
    51/299     1.84G   0.06416    0.0636         0    0.1278        27       416    0.4312    0.4734    0.3969    0.1309   0.06184   0.04867         0
    52/299     1.84G   0.06337   0.06447         0    0.1278        45       416    0.5584    0.5059     0.489    0.1499   0.06075    0.0466         0
    53/299     1.84G   0.06141    0.0659         0    0.1273        31       416    0.5312     0.503    0.4917    0.1724   0.05738   0.04718         0
    54/299     1.84G   0.06228   0.07189         0    0.1342        58       416    0.4804    0.5651    0.4709    0.1432   0.05922   0.04918         0
    55/299     1.84G   0.06265   0.06799         0    0.1306        49       416    0.5851    0.5385    0.5019     0.207   0.05599   0.04547         0
    56/299     1.84G   0.06011   0.06742         0    0.1275        17       416    0.5286    0.5947    0.5261    0.1972   0.05647   0.04533         0
    57/299     1.84G   0.06116   0.06761         0    0.1288        28       416    0.5614    0.5325     0.523    0.1897    0.0567   0.04576         0
    58/299     1.84G   0.05941    0.0654         0    0.1248        34       416    0.6859    0.5473    0.5894    0.2509   0.05333   0.04613         0
    59/299     1.84G   0.05967   0.06762         0    0.1273        18       416    0.6567    0.5886    0.6015    0.2308    0.0539   0.04526         0
    60/299     1.84G   0.06236   0.06595         0    0.1283        41       416    0.6791    0.5592    0.5985    0.2457   0.05339   0.04363         0
    61/299     1.84G   0.06082   0.07072         0    0.1315        28       416    0.3998    0.3491    0.2896    0.1007   0.06376   0.05709         0
    62/299     1.84G    0.0582   0.06623         0    0.1244        21       416    0.3473    0.3652    0.2746   0.08613    0.0644   0.05666         0
    63/299     1.84G   0.05911   0.06434         0    0.1234        43       416    0.5797    0.4822    0.5097    0.1994   0.05606   0.04441         0
    64/299     1.84G    0.0584   0.06709         0    0.1255        59       416    0.5881    0.5915    0.5982    0.2428   0.05335   0.04423         0
    65/299     1.84G   0.06004   0.06833         0    0.1284        34       416    0.5578    0.5118     0.512    0.1662   0.06033   0.04481         0
    66/299     1.84G   0.05796   0.06636         0    0.1243        49       416    0.6176    0.4882    0.5339    0.1883    0.0578   0.04423         0
    67/299     1.84G   0.05847   0.06596         0    0.1244        41       416    0.6055    0.5917    0.5829    0.2481   0.05362   0.04347         0
    68/299     1.84G   0.05648   0.06349         0      0.12        26       416    0.6047    0.5621    0.5497     0.181   0.05843   0.04432         0
    69/299     1.84G   0.05629   0.06658         0    0.1229        53       416    0.5916    0.6657    0.6182    0.2411   0.05283   0.04411         0
    70/299     1.84G   0.05743   0.06407         0    0.1215        45       416    0.6653    0.5999    0.6281    0.2228   0.05598   0.04253         0
    71/299     1.84G   0.05654   0.06086         0    0.1174        34       416    0.5326    0.3817    0.3519    0.1154   0.06056   0.04729         0
    72/299     1.84G    0.0568   0.06833         0    0.1251        44       416     0.663    0.5178     0.583     0.235   0.05379   0.04368         0
    73/299     1.84G   0.05667   0.06309         0    0.1198        13       416    0.6759    0.5266    0.5857    0.2235   0.05414   0.04459         0
    74/299     1.84G   0.05624   0.06585         0    0.1221        21       416    0.6393    0.5621    0.6005    0.2109   0.05532   0.04301         0
    75/299     1.84G   0.05792   0.06199         0    0.1199        55       416    0.6069    0.6538    0.6364     0.269   0.05144   0.04235         0
    76/299     1.84G   0.05684   0.06376         0    0.1206        55       416    0.6525    0.5325    0.5454    0.2296   0.05389   0.04465         0
    77/299     1.84G   0.05554   0.06606         0    0.1216        38       416    0.6806    0.6272    0.6172    0.2617   0.05047   0.04195         0
    78/299     1.84G   0.05597    0.0632         0    0.1192        51       416     0.706    0.6538    0.6519    0.2972   0.05025   0.04161         0
    79/299     1.84G   0.05496   0.06387         0    0.1188        66       416    0.6194    0.6213    0.6099    0.2737   0.05024   0.04308         0
    80/299     1.84G   0.05557   0.06619         0    0.1218        40       416    0.7316     0.621    0.6865    0.3014   0.04943   0.04123         0
    81/299     1.84G   0.05513   0.06568         0    0.1208        37       416    0.7379    0.6331    0.6969    0.3151   0.04934   0.04136         0
    82/299     1.84G    0.0541   0.06266         0    0.1168        51       416    0.7346    0.6391    0.6833     0.304   0.04937   0.04075         0
    83/299     1.84G   0.05412    0.0656         0    0.1197        13       416    0.7168    0.6006    0.6586     0.292   0.05017   0.04257         0
    84/299     1.84G   0.05318   0.06233         0    0.1155        76       416    0.5379    0.4556    0.4803    0.2049   0.05572   0.05053         0
    85/299     1.84G   0.05355   0.06222         0    0.1158        55       416    0.7369    0.5967    0.6701    0.2963   0.04948   0.04162         0
    86/299     1.84G   0.05444   0.06096         0    0.1154        58       416    0.7648    0.6065    0.6915     0.315   0.04893   0.04128         0
    87/299     1.84G   0.05274   0.06634         0    0.1191        63       416    0.7534    0.6328    0.7144    0.3239   0.04876   0.03993         0
    88/299     1.84G   0.05255   0.06036         0    0.1129        55       416    0.7586    0.6417    0.7233    0.3347    0.0482   0.03964         0
    89/299     1.84G   0.05219   0.06186         0    0.1141        56       416    0.7062    0.6826    0.7207    0.3267   0.04783   0.04031         0
    90/299     1.84G   0.05314   0.06327         0    0.1164        60       416    0.6696    0.6538     0.674    0.3124     0.049   0.04164         0
    91/299     1.84G    0.0531   0.06208         0    0.1152        43       416    0.7066    0.6271    0.6902    0.3058   0.04956   0.04173         0
    92/299     1.84G   0.05171   0.06153         0    0.1132        63       416    0.6904    0.6361    0.6663    0.3005   0.04874   0.04292         0
    93/299     1.84G     0.052   0.06286         0    0.1149        83       416    0.7164    0.6805    0.7125    0.3119   0.04787   0.04195         0
    94/299     1.84G   0.05229   0.06236         0    0.1147        49       416    0.6684    0.6976    0.6791    0.3156   0.04813   0.04046         0
    95/299     1.84G   0.05218   0.06088         0    0.1131        46       416    0.7356    0.6183    0.6506    0.2873   0.04932   0.04198         0
    96/299     1.84G   0.05197   0.05949         0    0.1115        44       416    0.6798    0.6479    0.6675    0.2995    0.0499   0.04163         0
    97/299     1.84G   0.05068   0.06085         0    0.1115        52       416     0.694    0.6709     0.689    0.3107   0.04929   0.04236         0
    98/299     1.84G   0.05333   0.06101         0    0.1143        40       416    0.7118    0.6509    0.7039    0.2749   0.05118   0.03986         0
    99/299     1.84G   0.05133   0.06277         0    0.1141        52       416    0.7271    0.6384    0.7008    0.3348   0.04814   0.04033         0
   100/299     1.84G   0.05107   0.05802         0    0.1091        51       416     0.738    0.6538    0.7212    0.3344   0.04806   0.04011         0
   101/299     1.84G   0.05174     0.061         0    0.1127        15       416    0.7224    0.6622     0.735    0.3427    0.0467   0.04038         0
   102/299     1.84G     0.051   0.06291         0    0.1139        57       416    0.7835    0.6006    0.7162    0.3425   0.04671   0.04116         0
   103/299     1.84G   0.04982   0.05705         0    0.1069        28       416    0.7241    0.6538    0.7209     0.337    0.0474    0.0394         0
   104/299     1.84G   0.05004   0.06195         0     0.112        57       416    0.7336    0.7005    0.7197    0.3402   0.04663   0.04124         0
   105/299     1.84G    0.0492   0.05935         0    0.1086        51       416    0.7311    0.7012    0.7176    0.3367   0.04714   0.04028         0
   106/299     1.84G   0.04901   0.05932         0    0.1083        30       416      0.76    0.6653     0.722    0.3228   0.04885   0.03951         0
   107/299     1.84G   0.04995   0.05985         0    0.1098        27       416    0.7828     0.716    0.7475    0.3469   0.04759   0.04011         0
   108/299     1.84G   0.04944   0.05893         0    0.1084        45       416    0.7528    0.6834     0.724    0.3527   0.04682   0.03946         0
   109/299     1.84G   0.05116   0.05857         0    0.1097        37       416    0.7834    0.6775    0.7507    0.3453   0.04819   0.03905         0
   110/299     1.84G   0.04969   0.05723         0    0.1069        46       416    0.7134    0.6627    0.6952    0.3309    0.0477   0.04072         0
   111/299     1.84G   0.05007   0.06094         0     0.111        45       416    0.7574    0.6742    0.7254    0.3137   0.04816   0.03969         0
   112/299     1.84G   0.05122   0.06251         0    0.1137        67       416    0.7212    0.6686    0.7175    0.3428   0.04668   0.04129         0
   113/299     1.84G   0.05173   0.05993         0    0.1117        34       416    0.7499    0.6982      0.73    0.3349   0.04768   0.03998         0
   114/299     1.84G   0.05055   0.05924         0    0.1098        54       416    0.7816    0.6154    0.7019    0.2949   0.05056    0.0403         0
   115/299     1.84G   0.04871   0.05575         0    0.1045        35       416     0.698     0.713    0.7284    0.3437   0.04702   0.03942         0
   116/299     1.84G   0.05052   0.05648         0     0.107        22       416    0.6618    0.6775    0.7007    0.3343   0.04735   0.04073         0
   117/299     1.84G   0.04875   0.05668         0    0.1054        45       416    0.7473    0.6746     0.739    0.3459   0.04556   0.03916         0
   118/299     1.84G   0.04844   0.06152         0      0.11        62       416    0.7397    0.6834    0.7311    0.3256   0.04811   0.03914         0
   119/299     1.84G   0.04797   0.05943         0    0.1074        46       416    0.7907    0.6982    0.7589    0.3707   0.04584   0.03919         0
   120/299     1.84G   0.04801   0.05679         0    0.1048        39       416    0.7478    0.6982     0.747    0.3541   0.04611   0.03844         0
   121/299     1.84G   0.04921   0.05557         0    0.1048        36       416    0.8389    0.6479    0.7696    0.3515   0.04595   0.03803         0
   122/299     1.84G   0.04872   0.05542         0    0.1041        27       416    0.7011    0.6953    0.7401    0.3522   0.04584   0.03928         0
   123/299     1.84G   0.04805   0.05639         0    0.1044        36       416    0.6991    0.7149    0.7234    0.3525   0.04609   0.03991         0
   124/299     1.84G   0.04826   0.05967         0    0.1079        25       416    0.7696    0.6923      0.76    0.3632   0.04527   0.04021         0
   125/299     1.84G   0.04642   0.05437         0    0.1008        48       416    0.7006    0.7071    0.7335    0.3584   0.04544   0.03977         0
   126/299     1.84G   0.04749   0.05646         0    0.1039        29       416    0.7704    0.6948    0.7594    0.3648   0.04501   0.03909         0
   127/299     1.84G   0.04754   0.05418         0    0.1017        39       416    0.7591    0.6713    0.7347    0.3452   0.04642   0.03992         0
   128/299     1.84G   0.04662   0.05445         0    0.1011        25       416    0.7482    0.6686    0.7197    0.3386    0.0466   0.04108         0
   129/299     1.84G   0.04623    0.0564         0    0.1026        38       416    0.7504     0.645     0.706    0.3201   0.04736   0.04023         0
   130/299     1.84G   0.04642   0.05738         0    0.1038        65       416    0.7244     0.716    0.7615    0.3661   0.04554   0.03996         0
   131/299     1.84G   0.04553   0.05488         0    0.1004        39       416    0.7272    0.7336    0.7673    0.3621   0.04498   0.03893         0
   132/299     1.84G   0.04666   0.05511         0    0.1018        27       416    0.7292    0.6864    0.7361    0.3525   0.04606   0.03927         0
   133/299     1.84G   0.04592   0.05733         0    0.1033        25       416    0.7269    0.6536    0.7158    0.3367   0.04755   0.04045         0
   134/299     1.84G   0.04581   0.05209         0   0.09789        28       416    0.7223    0.7158    0.7551    0.3691   0.04489   0.03886         0
   135/299     1.84G   0.04534   0.05597         0    0.1013        29       416    0.7688    0.6746    0.7703    0.3744   0.04522   0.03806         0
   136/299     1.84G   0.04618   0.05391         0    0.1001        35       416    0.7272    0.7335    0.7636    0.3445   0.04683   0.03864         0
   137/299     1.84G   0.04717   0.05203         0   0.09919        15       416    0.7468    0.6893    0.7423    0.3505   0.04663   0.03914         0
   138/299     1.84G   0.04583   0.05544         0    0.1013        32       416    0.8172    0.6893    0.7783    0.3885   0.04455   0.03837         0
   139/299     1.84G   0.04621   0.05497         0    0.1012        32       416    0.7524    0.7012    0.7557    0.3719   0.04544   0.03981         0
   140/299     1.84G   0.04585   0.05607         0    0.1019        30       416    0.7826     0.716    0.7858    0.3875   0.04477   0.03818         0
   141/299     1.84G   0.04529    0.0548         0    0.1001        24       416     0.826    0.6742    0.7819    0.3811   0.04448   0.03814         0
   142/299     1.84G   0.04615   0.05389         0       0.1        28       416    0.8583    0.6093    0.7495    0.3564   0.04677   0.03961         0
   143/299     1.84G   0.04475   0.05133         0   0.09608        32       416     0.787    0.6716    0.7593    0.3626    0.0465    0.0386         0
   144/299     1.84G   0.04693   0.05514         0    0.1021        30       416     0.774    0.6181    0.7287    0.3655   0.04598   0.04015         0
   145/299     1.84G   0.04515   0.05354         0   0.09869        62       416    0.7052    0.7217     0.754     0.369    0.0449    0.0386         0
   146/299     1.84G   0.04512   0.05502         0    0.1001        43       416    0.7917    0.6861    0.7653    0.3718   0.04522   0.03819         0
   147/299     1.84G   0.04561   0.05676         0    0.1024        76       416     0.738    0.7101    0.7696    0.3681   0.04583   0.03864         0
   148/299     1.84G   0.04389   0.05294         0   0.09682        37       416    0.8182    0.6923    0.7733     0.366   0.04545    0.0386         0
   149/299     1.84G   0.04429   0.05521         0   0.09951        54       416    0.7782    0.7101    0.7707    0.3557   0.04705   0.03918         0
   150/299     1.84G   0.04478   0.05147         0   0.09625        36       416    0.8198    0.6862    0.7885    0.3801   0.04473   0.03888         0
   151/299     1.84G   0.04407   0.05154         0    0.0956        41       416    0.7999    0.7278    0.7972    0.3922   0.04433   0.03851         0
   152/299     1.84G   0.04489   0.05594         0    0.1008        46       416    0.7927     0.724     0.788    0.3713   0.04531    0.0388         0
   153/299     1.84G   0.04431   0.05274         0   0.09704        36       416      0.77     0.716    0.7656    0.3817   0.04445   0.03907         0
   154/299     1.84G   0.04421   0.05451         0   0.09872        23       416    0.7873    0.7445    0.7787     0.369   0.04552   0.03854         0
   155/299     1.84G   0.04464   0.05534         0   0.09998        29       416    0.8019    0.7426    0.7874    0.3889   0.04353   0.03856         0
   156/299     1.84G   0.04401   0.05542         0   0.09943        41       416     0.787    0.7337    0.7817    0.3839   0.04387   0.03907         0
   157/299     1.84G   0.04357   0.05425         0   0.09782        63       416    0.7622    0.7679    0.7918    0.3889    0.0437   0.03841         0
   158/299     1.84G   0.04302   0.05011         0   0.09313        44       416    0.8071    0.6864    0.7872    0.3779   0.04421   0.03844         0
   159/299     1.84G   0.04352   0.05392         0   0.09744        38       416    0.8293    0.7189    0.8034    0.3971   0.04387   0.03851         0
   160/299     1.84G   0.04462   0.05366         0   0.09828        54       416    0.7716    0.7308    0.7799    0.3756   0.04424   0.03892         0
   161/299     1.84G   0.04474   0.05487         0   0.09961        60       416    0.7916    0.7544    0.7959    0.3887   0.04347   0.03816         0
   162/299     1.84G    0.0439   0.05723         0    0.1011        39       416    0.7534    0.7604    0.7974    0.3924   0.04392   0.03911         0
   163/299     1.84G   0.04311   0.05141         0   0.09453        38       416    0.7406    0.7602    0.7942    0.3855     0.044   0.03842         0
   164/299     1.84G    0.0434   0.05294         0   0.09633        45       416    0.8155    0.6864     0.762    0.3536   0.04591   0.03914         0
   165/299     1.84G   0.04433   0.05366         0     0.098        29       416    0.8333    0.6803    0.7777    0.3839   0.04456   0.03809         0
   166/299     1.84G   0.04341   0.05254         0   0.09594        37       416    0.8038    0.7272    0.7944    0.3886   0.04437   0.03785         0
   167/299     1.84G   0.04423   0.05013         0   0.09436        29       416    0.7272    0.7573    0.7723    0.3654    0.0452   0.03875         0
   168/299     1.84G   0.04381   0.05178         0   0.09559        30       416    0.7729    0.7248    0.7827    0.3728   0.04489   0.03919         0
   169/299     1.84G    0.0427   0.05096         0   0.09366        65       416    0.8239    0.6805    0.7611    0.3732   0.04487   0.03944         0
   170/299     1.84G   0.04367   0.05333         0     0.097        39       416    0.7873    0.7249    0.7709    0.3668   0.04516    0.0383         0
   171/299     1.84G   0.04371   0.05246         0   0.09618        37       416     0.793    0.7041    0.7661    0.3756   0.04451   0.03892         0
   172/299     1.84G    0.0437   0.05311         0   0.09681        44       416    0.8013    0.7039    0.7889    0.3877   0.04373    0.0389         0
   173/299     1.84G   0.04244   0.04995         0   0.09239        44       416    0.8382    0.6982    0.7793    0.3572   0.04577   0.03874         0
   174/299     1.84G    0.0419   0.05102         0   0.09292        39       416    0.7969    0.7544    0.7956    0.3874   0.04362   0.03821         0
   175/299     1.84G   0.04207   0.05036         0   0.09243        25       416    0.8774    0.6864    0.7969    0.3999   0.04329   0.03824         0
   176/299     1.84G   0.04218   0.05248         0   0.09466        47       416    0.8213     0.707    0.7837    0.3896   0.04401   0.03884         0
   177/299     1.84G   0.04203   0.05082         0   0.09285        42       416    0.7751    0.7574    0.7856    0.3825   0.04482   0.03894         0
   178/299     1.84G     0.043   0.05422         0   0.09722        56       416    0.7862    0.7515    0.8021    0.4021   0.04337   0.03806         0
   179/299     1.84G   0.04162   0.05202         0   0.09364        29       416    0.7925    0.7515    0.7977    0.3867   0.04383    0.0381         0
   180/299     1.84G   0.04192   0.05121         0   0.09313        32       416    0.7691    0.7633    0.7927    0.3875   0.04419   0.03845         0
   181/299     1.84G   0.04152   0.04754         0   0.08906        33       416    0.7937    0.7633    0.8061    0.4024   0.04346    0.0387         0
   182/299     1.84G   0.04228   0.05242         0    0.0947        44       416    0.8198    0.7544    0.8199    0.4157   0.04288   0.03775         0
   183/299     1.84G   0.04162   0.05079         0   0.09241        38       416    0.8242    0.7215    0.8092    0.3895   0.04418    0.0386         0
   184/299     1.84G   0.04128   0.04822         0    0.0895        46       416    0.8263    0.7039     0.788     0.384   0.04375   0.03896         0
   185/299     1.84G   0.04172   0.05323         0   0.09495        46       416    0.8395    0.7274    0.8087    0.3981   0.04327   0.03779         0
   186/299     1.84G   0.04148   0.04911         0   0.09058        38       416    0.7941    0.7367    0.7885    0.3891   0.04384   0.03781         0
   187/299     1.84G   0.04106   0.04855         0   0.08961        37       416    0.8179    0.7071    0.7927    0.3934   0.04317   0.03804         0
   188/299     1.84G   0.04099   0.05177         0   0.09276        46       416    0.7592    0.7836    0.8069    0.4064    0.0429   0.03753         0
   189/299     1.84G   0.04183    0.0501         0   0.09193        45       416    0.7849    0.7485    0.7896    0.3851   0.04412   0.03831         0
   190/299     1.84G   0.04126    0.0502         0   0.09145        57       416    0.7667    0.7781    0.8068    0.4043   0.04337   0.03785         0
   191/299     1.84G   0.04114    0.0508         0   0.09194        42       416     0.803    0.7719    0.8119    0.4148    0.0427    0.0378         0
   192/299     1.84G   0.04134   0.04964         0   0.09098        48       416    0.8047    0.7574    0.8062     0.404   0.04349   0.03813         0
   193/299     1.84G   0.04015   0.04889         0   0.08903        56       416    0.8424    0.7275    0.8064    0.3875   0.04448   0.03834         0
   194/299     1.84G   0.04056   0.04736         0   0.08793        52       416    0.8072    0.7308    0.7723    0.3747    0.0452   0.03869         0
   195/299     1.84G   0.04139   0.05023         0   0.09161        33       416    0.8059    0.7249    0.7707    0.3776   0.04435   0.03856         0
   196/299     1.84G   0.04073   0.04732         0   0.08805        53       416    0.8372    0.7041     0.786    0.3868   0.04327   0.03877         0
   197/299     1.84G   0.04088   0.04835         0   0.08923        38       416    0.7813    0.7718    0.8014    0.3877   0.04333   0.03795         0
   198/299     1.84G   0.04113   0.04832         0   0.08945        45       416    0.8218    0.7367     0.802    0.3883   0.04401   0.03802         0
   199/299     1.84G   0.04179   0.04821         0      0.09        55       416    0.8071    0.7189    0.7938    0.3974   0.04345   0.03812         0
   200/299     1.84G   0.04192   0.05001         0   0.09193        48       416    0.8197    0.7396    0.8114    0.4111   0.04285   0.03785         0
   201/299     1.84G   0.04005   0.04843         0   0.08847        47       416    0.8288     0.716    0.7974    0.3953   0.04385   0.03848         0
   202/299     1.84G   0.04068   0.04858         0   0.08926        38       416    0.8206    0.7308    0.7972    0.3889   0.04404   0.03893         0
   203/299     1.84G    0.0402   0.04935         0   0.08955        52       416    0.7656    0.7249    0.7567    0.3771   0.04452    0.0397         0
   204/299     1.84G   0.04095   0.04899         0   0.08994        27       416    0.8045    0.7426    0.7749    0.3926   0.04375   0.03895         0
   205/299     1.84G    0.0389   0.04752         0   0.08642        55       416    0.8447    0.6953    0.7902    0.3901     0.044   0.03879         0
   206/299     1.84G   0.04075   0.04967         0   0.09041        32       416    0.8005    0.7596    0.8029    0.3977   0.04342   0.03817         0
   207/299     1.84G   0.03894   0.04741         0   0.08635        83       416    0.7638    0.7663    0.7876    0.3855   0.04375   0.03852         0
   208/299     1.84G   0.04036   0.04911         0   0.08947        73       416    0.8135    0.7484    0.7984    0.3929   0.04264   0.03848         0
   209/299     1.84G   0.04006   0.05041         0   0.09046        51       416    0.7902    0.7689    0.7873    0.3852    0.0435   0.03879         0
   210/299     1.84G   0.03983   0.04986         0   0.08969        40       416    0.7395    0.7811    0.8035    0.3963   0.04268   0.03869         0
   211/299     1.84G   0.03972   0.04711         0   0.08684        38       416    0.8092    0.7308    0.8048    0.4066   0.04293   0.03826         0
   212/299     1.84G   0.03875   0.04825         0     0.087        23       416    0.8431    0.7155    0.7888    0.4081   0.04285   0.03853         0
   213/299     1.84G   0.03983   0.04707         0    0.0869        26       416    0.8102    0.7452    0.7843    0.4031   0.04325   0.03854         0
   214/299     1.84G   0.03994   0.05095         0   0.09089        56       416    0.8125    0.7306     0.806    0.4092   0.04349   0.03795         0
   215/299     1.84G   0.03919   0.04817         0   0.08737        51       416    0.8169    0.7544     0.821    0.4068   0.04299   0.03793         0
   216/299     1.84G   0.03918   0.04756         0   0.08674        27       416    0.8029    0.7722    0.8264     0.415    0.0426   0.03833         0
   217/299     1.84G   0.03878   0.04452         0    0.0833        69       416    0.8534    0.7071    0.7937    0.4078   0.04353   0.03889         0
   218/299     1.84G   0.03816   0.04567         0   0.08383        40       416    0.8062    0.7515    0.8018    0.4189   0.04284   0.03858         0
   219/299     1.84G   0.03977   0.05005         0   0.08982        39       416     0.843    0.7307    0.8157    0.4095   0.04269   0.03764         0
   220/299     1.84G   0.04023   0.04575         0   0.08598        21       416     0.825    0.7249    0.8246    0.4054   0.04384   0.03757         0
   221/299     1.84G   0.03829   0.04632         0   0.08461        36       416    0.8259    0.7722      0.83    0.4066   0.04336   0.03748         0
   222/299     1.84G   0.03928    0.0464         0   0.08568        19       416    0.8292    0.7337    0.8043    0.4059   0.04351   0.03835         0
   223/299     1.84G    0.0386   0.04757         0   0.08616        48       416    0.8638    0.7337    0.8048    0.4053   0.04351   0.03779         0
   224/299     1.84G   0.03892    0.0479         0   0.08682        47       416    0.8148    0.7811    0.8014    0.3924   0.04404   0.03795         0
   225/299     1.84G   0.03873   0.04673         0   0.08546        34       416    0.8425     0.713     0.806    0.3976   0.04285   0.03764         0
   226/299     1.84G    0.0384   0.04705         0   0.08545        41       416    0.7905    0.7929    0.8103    0.4087   0.04266    0.0379         0
   227/299     1.84G   0.03979   0.05151         0    0.0913        56       416    0.8508    0.7422    0.8117    0.4097   0.04305   0.03866         0
   228/299     1.84G   0.03857   0.04713         0    0.0857        33       416    0.8561    0.7215    0.8095    0.4046   0.04334   0.03817         0
   229/299     1.84G   0.03849   0.04707         0   0.08556        44       416    0.8304    0.7096    0.7993    0.4058   0.04348   0.03885         0
   230/299     1.84G    0.0381   0.04612         0   0.08422        37       416    0.8391    0.7099     0.796    0.3986   0.04369   0.03877         0
   231/299     1.84G   0.03775   0.04835         0    0.0861        59       416    0.8536    0.7249    0.8123    0.4117   0.04289   0.03823         0
   232/299     1.84G   0.03837   0.04634         0   0.08472        29       416     0.833    0.7544    0.8187    0.4186   0.04221   0.03797         0
   233/299     1.84G   0.03734   0.04677         0    0.0841        49       416    0.7923    0.7692    0.8094    0.4059   0.04319   0.03839         0
   234/299     1.84G   0.03812   0.04616         0   0.08427        38       416    0.8218    0.7426     0.809    0.4059   0.04273   0.03825         0
   235/299     1.84G   0.03814   0.05116         0    0.0893        69       416    0.8457    0.7308    0.8015    0.3985   0.04255   0.03837         0
   236/299     1.84G   0.03809   0.04599         0   0.08409        24       416    0.8024     0.769    0.8016    0.4002   0.04305   0.03837         0
   237/299     1.84G   0.03854   0.04522         0   0.08376        48       416    0.8474    0.7249    0.8091    0.4041   0.04301   0.03848         0
   238/299     1.84G   0.03835   0.04697         0   0.08531        20       416    0.8333    0.7722    0.8164    0.4091   0.04293   0.03805         0
   239/299     1.84G   0.03704   0.04345         0   0.08049        40       416    0.8038    0.7513     0.809    0.3981   0.04317   0.03801         0
   240/299     1.84G   0.03811   0.04846         0   0.08657        32       416    0.7779    0.7574    0.8059    0.4051   0.04254   0.03866         0
   241/299     1.84G    0.0383   0.04344         0   0.08174        29       416    0.7632    0.7751    0.8052    0.4047   0.04314   0.03874         0
   242/299     1.84G   0.03856    0.0447         0   0.08326        28       416     0.791     0.784    0.8067     0.408   0.04302   0.03841         0
   243/299     1.84G    0.0379   0.04485         0   0.08274        73       416    0.7883      0.76    0.7929    0.3938    0.0433    0.0383         0
   244/299     1.84G   0.03839   0.04642         0    0.0848        31       416     0.819    0.7631    0.7964     0.388   0.04373   0.03845         0
   245/299     1.84G   0.03824   0.04614         0   0.08438        47       416    0.8599     0.713    0.8052     0.401   0.04348    0.0384         0
   246/299     1.84G   0.03852   0.04624         0   0.08476        52       416     0.832    0.7485    0.8077     0.408    0.0426    0.0382         0
   247/299     1.84G   0.03737   0.04683         0    0.0842        21       416    0.8361    0.7245    0.7987    0.3998   0.04319   0.03801         0
   248/299     1.84G   0.03707   0.04651         0   0.08358        42       416    0.8548    0.7219    0.8172     0.407   0.04261     0.038         0
   249/299     1.84G    0.0374   0.04491         0   0.08231        22       416    0.8293    0.7337    0.8068    0.4062   0.04364     0.038         0
   250/299     1.84G   0.03729   0.04467         0   0.08196        52       416    0.8169    0.7663    0.8069    0.4104   0.04341   0.03803         0
   251/299     1.84G   0.03758   0.04553         0   0.08311        35       416      0.84    0.7455    0.8128    0.4135   0.04328   0.03753         0
   252/299     1.84G   0.03681   0.04324         0   0.08005        33       416    0.8283    0.7574    0.8166     0.428   0.04258    0.0374         0
   253/299     1.84G   0.03783   0.04874         0   0.08656        55       416     0.798    0.7633    0.8108    0.3997   0.04367   0.03794         0
   254/299     1.84G   0.03785   0.04946         0   0.08731        57       416    0.8077    0.7722    0.8153    0.4102   0.04263   0.03803         0
   255/299     1.84G   0.03781   0.04351         0   0.08132        57       416    0.8315    0.7604    0.8234    0.4145   0.04234   0.03791         0
   256/299     1.84G   0.03731    0.0458         0   0.08311        15       416    0.8377    0.7633    0.8203    0.4179   0.04227    0.0381         0
   257/299     1.84G   0.03666   0.04567         0   0.08233        43       416    0.8595    0.7603    0.8114     0.414    0.0426   0.03821         0
   258/299     1.84G   0.03669     0.045         0   0.08169        43       416    0.8586    0.7187    0.7998    0.4034   0.04274    0.0387         0
   259/299     1.84G   0.03667   0.04416         0   0.08083        43       416    0.8448    0.7572     0.819    0.4082   0.04253   0.03849         0
   260/299     1.84G   0.03733   0.04461         0   0.08194        31       416    0.8178    0.7308    0.7924    0.3985   0.04313   0.03833         0
   261/299     1.84G   0.03682   0.04458         0    0.0814        41       416    0.7719    0.7811    0.8114    0.4029    0.0424   0.03815         0
   262/299     1.84G   0.03632   0.04369         0   0.08002        26       416    0.7991    0.7574    0.8048    0.3942   0.04298   0.03873         0
   263/299     1.84G    0.0364   0.04419         0   0.08059        24       416    0.7994     0.778    0.8114     0.407   0.04238   0.03893         0
   264/299     1.84G   0.03659   0.04446         0   0.08105        64       416    0.8293    0.7331    0.8065    0.4075   0.04303   0.03904         0
   265/299     1.84G   0.03674   0.04199         0   0.07873        41       416    0.8815    0.7041    0.8029    0.4091   0.04316   0.03895         0
   266/299     1.84G   0.03726   0.04621         0   0.08347        58       416    0.8313    0.8017    0.8331    0.4189   0.04214   0.03749         0
   267/299     1.84G   0.03639   0.04547         0   0.08186        54       416    0.8201    0.7958    0.8194      0.41   0.04281   0.03755         0
   268/299     1.84G   0.03663   0.04625         0   0.08288        57       416    0.8222    0.7811    0.7977    0.4062   0.04316   0.03768         0
   269/299     1.84G   0.03667   0.04492         0    0.0816        41       416    0.8192    0.7777    0.8124    0.4075   0.04314   0.03765         0
   270/299     1.84G   0.03686   0.04495         0   0.08181        65       416    0.8118    0.7663    0.8101    0.4092    0.0425   0.03797         0
   271/299     1.84G   0.03683   0.04517         0     0.082        36       416    0.8327    0.7659    0.8267     0.423   0.04169    0.0383         0
   272/299     1.84G   0.03693    0.0443         0   0.08123        47       416    0.8669    0.7515      0.82    0.4121   0.04256   0.03841         0
   273/299     1.84G   0.03611   0.04208         0    0.0782        34       416    0.8253    0.7515    0.8023    0.4029   0.04263    0.0387         0
   274/299     1.84G   0.03646   0.04544         0    0.0819        70       416    0.8314    0.7633    0.8214    0.4106   0.04231   0.03831         0
   275/299     1.84G   0.03664   0.04624         0   0.08288        59       416    0.8364    0.7426    0.7991    0.3972   0.04329   0.03857         0
   276/299     1.84G   0.03586     0.046         0   0.08186        44       416    0.7987    0.7751      0.81    0.4099   0.04265   0.03848         0
   277/299     1.84G   0.03557   0.04291         0   0.07848        32       416    0.8424    0.7604    0.8216    0.4103   0.04262   0.03836         0
   278/299     1.84G    0.0361   0.04501         0    0.0811        54       416    0.8758    0.7513    0.8234     0.412   0.04239   0.03825         0
   279/299     1.84G   0.03639   0.04528         0   0.08167        51       416    0.8522    0.7337    0.8046    0.4042   0.04283   0.03811         0
   280/299     1.84G   0.03595   0.04336         0   0.07931        21       416    0.8468    0.7367    0.8024    0.3947   0.04339   0.03804         0
   281/299     1.84G   0.03683   0.04389         0   0.08072        58       416    0.8105    0.7633    0.8014    0.4058   0.04284   0.03801         0
   282/299     1.84G    0.0369   0.04463         0   0.08153        24       416    0.8518    0.7483    0.8203    0.4211   0.04235   0.03781         0
   283/299     1.84G   0.03596   0.04401         0   0.07998        36       416    0.8401    0.7633    0.8162    0.4125   0.04245   0.03807         0
   284/299     1.84G   0.03598   0.04511         0   0.08109        46       416    0.8646    0.7366    0.8173    0.4176   0.04223   0.03854         0
   285/299     1.84G   0.03684   0.04613         0   0.08297        24       416     0.846    0.7477    0.8074    0.4158   0.04253   0.03827         0
   286/299     1.84G   0.03626   0.04325         0   0.07951        24       416    0.8372    0.7454    0.8144    0.4126   0.04268   0.03806         0
   287/299     1.84G   0.03535   0.04334         0   0.07869        44       416     0.866    0.7456    0.8276    0.4137   0.04215   0.03877         0
   288/299     1.84G   0.03573   0.04494         0   0.08067        35       416    0.8812    0.7244    0.8218    0.4234   0.04212   0.03846         0
   289/299     1.84G   0.03627   0.04519         0   0.08146        62       416    0.8448    0.7574    0.8223    0.4175   0.04234   0.03883         0
   290/299     1.84G     0.036   0.04399         0   0.07999        25       416    0.8523    0.7515    0.8224    0.4168    0.0426   0.03884         0
   291/299     1.84G   0.03557   0.04426         0   0.07983        35       416    0.8501    0.7396    0.8257     0.416   0.04244   0.03874         0
   292/299     1.84G   0.03542   0.04285         0   0.07826        37       416    0.8442    0.7544    0.8081    0.4049   0.04331   0.03896         0
   293/299     1.84G    0.0354   0.04444         0   0.07984        47       416     0.803    0.7838    0.8094    0.4027    0.0431   0.03904         0
   294/299     1.84G    0.0358   0.04499         0   0.08079        57       416    0.8464    0.7189    0.7953    0.3993   0.04401    0.0388         0
   295/299     1.84G   0.03624   0.04339         0   0.07963        23       416    0.8383    0.7513    0.8058    0.4049   0.04285   0.03864         0
   296/299     1.84G   0.03563   0.04397         0    0.0796        54       416    0.8419    0.7248    0.8068    0.4095   0.04267   0.03856         0
   297/299     1.84G   0.03544   0.04648         0   0.08192        23       416    0.8048    0.7811    0.8244    0.4162   0.04221   0.03891         0
   298/299     1.84G   0.03594   0.04722         0   0.08316        57       416    0.8315    0.7456    0.8107    0.4086    0.0429   0.03954         0
   299/299     1.84G   0.03506   0.04354         0   0.07859        41       416    0.7923    0.7336    0.7823    0.3987   0.04327   0.03988         0
