     0/299     1.37G    0.1047   0.08314         0    0.1878       221       416   0.00885    0.2833  0.003199 0.0004736    0.0863   0.05393         0
     1/299     1.39G   0.09813   0.08591         0     0.184       188       416  0.008865    0.2867  0.003852 0.0006134   0.08455   0.05541         0
     2/299     1.39G   0.09675   0.08631         0    0.1831       130       416  0.007034      0.25  0.002295 0.0004479   0.09184   0.05196         0
     3/299     1.39G   0.09585   0.09077         0    0.1866       168       416   0.01059   0.08667     0.004 0.0006592   0.09083   0.05251         0
     4/299     1.39G   0.09443   0.08914         0    0.1836       149       416   0.01147      0.14  0.005518 0.0009022   0.08462   0.05537         0
     5/299     1.39G   0.09354   0.09065         0    0.1842       194       416   0.06307    0.2067   0.03246  0.006123   0.08408   0.05774         0
     6/299     1.39G   0.09163   0.08592         0    0.1775       149       416    0.1255      0.23   0.07537   0.01522   0.08335   0.05962         0
     7/299     1.39G   0.08882   0.08413         0    0.1729       242       416   0.00632   0.02333  0.001006 0.0002021   0.09824    0.1326         0
     8/299     1.39G   0.08527   0.08258         0    0.1679       202       416    0.1871      0.32     0.124     0.025   0.07692   0.05354         0
     9/299     1.39G   0.08108   0.07968         0    0.1608       154       416    0.1961    0.3667    0.1241   0.02631   0.07091   0.04929         0
    10/299     1.39G   0.07892   0.07947         0    0.1584       156       416     0.154    0.3067    0.1016   0.02216   0.07031   0.04966         0
    11/299     1.39G   0.07625   0.07879         0     0.155       150       416    0.2529    0.3433    0.1865   0.05105   0.07055   0.04544         0
    12/299     1.39G   0.07515    0.0804         0    0.1555       199       416    0.3916      0.41    0.3272    0.1156   0.06335   0.05179         0
    13/299     1.39G   0.07494   0.08128         0    0.1562       183       416    0.4993    0.3867    0.3672    0.1171   0.06677   0.04843         0
    14/299     1.39G   0.07248    0.0785         0     0.151       213       416    0.2978    0.2067    0.1179   0.03141   0.07309   0.05038         0
    15/299     1.39G    0.0706   0.07812         0    0.1487       170       416    0.4011    0.4667    0.3157    0.1002   0.05854   0.04615         0
    16/299     1.39G   0.06853   0.07663         0    0.1452       198       416    0.5968    0.5033    0.4603    0.1468   0.05866   0.04433         0
    17/299     1.39G   0.06681   0.07701         0    0.1438       197       416    0.5886      0.53    0.5226    0.1684   0.05796   0.04514         0
    18/299     1.39G   0.06553    0.0777         0    0.1432       148       416    0.6548    0.5467    0.5724    0.2129   0.05581   0.05012         0
    19/299     1.39G   0.06483   0.07547         0    0.1403       192       416    0.4932    0.4833    0.4451    0.1325   0.06052   0.03907         0
    20/299     1.39G   0.06435   0.07663         0     0.141       146       416    0.5022    0.6067    0.5086    0.1873   0.05595   0.04133         0
    21/299     1.39G   0.06368   0.07544         0    0.1391       165       416    0.4997    0.5261    0.4565    0.1353    0.0603   0.03818         0
    22/299     1.39G   0.06205   0.07628         0    0.1383       197       416    0.5036    0.6798    0.4551    0.1508   0.05588    0.0443         0
    23/299     1.39G   0.06162   0.07448         0    0.1361       180       416    0.5041    0.5433    0.4584    0.1485   0.05901   0.03922         0
    24/299     1.39G   0.06119   0.07393         0    0.1351       201       416    0.6955    0.5867    0.5518    0.2056   0.05083   0.03899         0
    25/299     1.39G   0.06038   0.07458         0     0.135       179       416    0.6827      0.64    0.6434    0.2611   0.04898   0.04026         0
    26/299     1.39G   0.05964   0.07487         0    0.1345       195       416    0.7212    0.6067    0.6415    0.2465   0.05102    0.0392         0
    27/299     1.39G   0.05984   0.07399         0    0.1338       194       416    0.6405    0.6633     0.634    0.2244   0.05319   0.03854         0
    28/299     1.39G   0.05942   0.07343         0    0.1329       228       416    0.6953    0.6161    0.6531    0.2352   0.05091   0.03735         0
    29/299     1.39G   0.05779   0.07467         0    0.1325       182       416     0.695      0.67    0.7027    0.2698   0.04893   0.03845         0
    30/299     1.39G   0.05978   0.07626         0     0.136       210       416    0.3319    0.3833    0.2103   0.06581   0.06591   0.04782         0
    31/299     1.39G   0.05926   0.07417         0    0.1334       160       416    0.6318    0.6067    0.5907    0.2053   0.05386    0.0392         0
    32/299     1.39G   0.05801   0.07414         0    0.1322       139       416    0.6615    0.6267    0.6528    0.2538   0.05019   0.03648         0
    33/299     1.39G   0.05632   0.07362         0    0.1299       211       416    0.6738      0.63    0.6027     0.234   0.05233   0.04007         0
    34/299     1.39G   0.05639   0.07275         0    0.1291       227       416    0.6563    0.7128    0.6901     0.263   0.04844   0.03752         0
    35/299     1.39G   0.05702   0.07329         0    0.1303       151       416    0.7517    0.6567    0.6941    0.2746    0.0481   0.03559         0
    36/299     1.39G   0.05568   0.07176         0    0.1274       178       416    0.5922     0.639     0.573    0.2324   0.05352   0.04058         0
    37/299     1.39G   0.05499   0.07034         0    0.1253       194       416    0.7374    0.6833     0.687    0.2272    0.0508   0.03431         0
    38/299     1.39G   0.05554   0.07331         0    0.1289       170       416    0.7302      0.68    0.6996    0.2618   0.04934   0.03538         0
    39/299     1.39G    0.0558    0.0715         0    0.1273       167       416     0.695    0.7067    0.6923    0.2549   0.04952   0.03557         0
    40/299     1.39G   0.05396   0.07145         0    0.1254       225       416     0.704    0.7033    0.7118    0.2987   0.04658   0.03679         0
    41/299     1.39G    0.0537   0.06978         0    0.1235       212       416    0.6898    0.6598    0.6657    0.2873   0.04839   0.03953         0
    42/299     1.39G   0.05354   0.07173         0    0.1253       185       416    0.7062      0.65    0.6695    0.2688   0.04832   0.03823         0
    43/299     1.39G   0.05342    0.0688         0    0.1222       155       416    0.6939    0.7333    0.7324    0.3106   0.04593   0.03583         0
    44/299     1.39G   0.05251   0.06947         0     0.122       164       416    0.6787    0.7333    0.6963    0.3142   0.04566   0.03762         0
    45/299     1.39G    0.0525   0.07102         0    0.1235       186       416    0.6447    0.7533    0.7174    0.2416   0.04971   0.03476         0
    46/299     1.39G    0.0532   0.07088         0    0.1241       210       416    0.6936    0.6263    0.6286    0.2215   0.04862   0.03676         0
    47/299     1.39G   0.05271   0.06977         0    0.1225       187       416    0.6878    0.6767    0.6827    0.2811   0.04724   0.03615         0
    48/299     1.39G   0.05194   0.07159         0    0.1235       172       416    0.6936    0.7333    0.6836    0.2786   0.04612   0.03627         0
    49/299     1.39G   0.05153   0.07004         0    0.1216       219       416    0.7144      0.77    0.7469    0.3082    0.0451   0.03621         0
    50/299     1.39G   0.05116   0.06826         0    0.1194       182       416    0.7153    0.6197    0.6794    0.2754   0.04816     0.036         0
    51/299     1.39G   0.05092   0.07038         0    0.1213       238       416    0.7244    0.6867    0.7151    0.3124     0.045   0.03443         0
    52/299     1.39G   0.05081   0.06912         0    0.1199       190       416     0.761    0.7233    0.7525    0.2907   0.04706   0.03458         0
    53/299     1.39G    0.0516   0.06865         0    0.1203       157       416    0.7034    0.6797    0.6834    0.2754   0.04654   0.03581         0
    54/299     1.39G   0.05109   0.07054         0    0.1216       180       416    0.7568    0.6767    0.6947    0.2276   0.05075   0.03358         0
    55/299     1.39G   0.05062   0.06888         0    0.1195       205       416     0.747      0.72    0.7547    0.3346   0.04473   0.03592         0
    56/299     1.39G   0.05026   0.06909         0    0.1194       182       416    0.7609    0.7133    0.7213    0.2871   0.04534   0.03418         0
    57/299     1.39G   0.05076   0.07024         0     0.121       162       416    0.7079    0.7533    0.7317    0.3279   0.04468   0.03593         0
    58/299     1.39G   0.04965   0.06993         0    0.1196       138       416    0.7671    0.7033    0.7423    0.3214   0.04476   0.03386         0
    59/299     1.39G   0.04976   0.06829         0     0.118       196       416    0.7054    0.7267    0.7308    0.3201   0.04532   0.03714         0
    60/299     1.39G   0.04935   0.06732         0    0.1167       167       416    0.6945    0.7533    0.7014    0.3158   0.04459   0.03547         0
    61/299     1.39G    0.0488   0.06851         0    0.1173       190       416    0.7113    0.7556    0.7242     0.302   0.04557     0.035         0
    62/299     1.39G   0.04878   0.06723         0     0.116       204       416     0.738    0.7228     0.748     0.318   0.04408   0.03453         0
    63/299     1.39G   0.04865   0.06874         0    0.1174       156       416    0.7713    0.6867    0.7336    0.3184   0.04423   0.03549         0
    64/299     1.39G   0.04934   0.06856         0    0.1179       172       416     0.722    0.7966    0.7962    0.3415   0.04464   0.03394         0
    65/299     1.39G   0.04892   0.06634         0    0.1153       209       416    0.7675    0.6933    0.7079    0.2905   0.04556   0.03439         0
    66/299     1.39G   0.04933   0.06788         0    0.1172       168       416    0.7279    0.7167    0.7018    0.3006   0.04531   0.03618         0
    67/299     1.39G   0.04846   0.06759         0     0.116       142       416    0.6577      0.72    0.6725    0.2948    0.0456   0.03692         0
    68/299     1.39G   0.04853   0.06893         0    0.1175       183       416    0.7767    0.7433     0.745    0.2788   0.04637   0.03281         0
    69/299     1.39G   0.04833    0.0675         0    0.1158       165       416    0.8257    0.6789    0.7523    0.3106   0.04534   0.03348         0
    70/299     1.39G   0.04829   0.06695         0    0.1152       200       416     0.762    0.7789    0.7686    0.3072   0.04445   0.03324         0
    71/299     1.39G   0.04865   0.06726         0    0.1159       156       416    0.7598      0.76     0.762    0.3234   0.04329   0.03409         0
    72/299     1.39G   0.04795   0.06776         0    0.1157       194       416     0.788      0.77    0.7819    0.3337   0.04299   0.03419         0
    73/299     1.39G   0.04815   0.06608         0    0.1142       166       416    0.7266      0.78    0.7478    0.2975    0.0447   0.03341         0
    74/299     1.39G   0.04767   0.06443         0    0.1121       152       416    0.7639    0.7667    0.7629    0.3211   0.04366   0.03504         0
    75/299     1.39G   0.04724   0.06646         0    0.1137       172       416    0.7457    0.7332    0.7609    0.3125   0.04581   0.03349         0
    76/299     1.39G   0.04689   0.06521         0    0.1121       198       416    0.8007    0.7366    0.7831    0.3427   0.04369   0.03346         0
    77/299     1.39G   0.04754   0.06543         0     0.113       136       416    0.8011    0.7655    0.7935    0.3166   0.04429   0.03282         0
    78/299     1.39G   0.04749   0.06553         0     0.113       146       416    0.8022    0.7165    0.7326    0.3034    0.0437   0.03506         0
    79/299     1.39G   0.04683    0.0668         0    0.1136       150       416    0.7398    0.7391    0.7313    0.3057   0.04627     0.033         0
    80/299     1.39G   0.04635   0.06655         0    0.1129       183       416    0.7649    0.6833     0.713    0.3083   0.04379   0.03434         0
    81/299     1.39G   0.04756   0.06746         0     0.115       180       416    0.8154    0.7233     0.777    0.3321   0.04322   0.03377         0
    82/299     1.39G   0.04651    0.0663         0    0.1128       179       416    0.7826      0.72     0.773    0.3589   0.04347   0.03305         0
    83/299     1.39G   0.04631   0.06513         0    0.1114       188       416     0.779    0.7433    0.7845    0.3478   0.04384    0.0323         0
    84/299     1.39G   0.04589   0.06417         0    0.1101       159       416    0.7306    0.7864    0.7743    0.3396   0.04289   0.03297         0
    85/299     1.39G   0.04611   0.06378         0    0.1099       146       416    0.7575      0.74    0.7525     0.341   0.04329   0.03409         0
    86/299     1.39G   0.04606   0.06645         0    0.1125       142       416    0.7573    0.7695    0.7446    0.2854   0.04587   0.03321         0
    87/299     1.39G   0.04584   0.06447         0    0.1103       129       416    0.7965    0.7067      0.74    0.2828   0.04706   0.03315         0
    88/299     1.39G   0.04582   0.06532         0    0.1111       204       416    0.7184    0.7667    0.7359    0.3422   0.04246   0.03561         0
    89/299     1.39G   0.04524    0.0647         0    0.1099       166       416    0.7992    0.7567    0.7779    0.3124    0.0449   0.03239         0
    90/299     1.39G   0.04573   0.06337         0    0.1091       143       416    0.7262      0.77    0.7319     0.327   0.04428   0.03519         0
    91/299     1.39G   0.04631    0.0647         0     0.111       249       416    0.8365    0.7164    0.7781    0.3194   0.04428   0.03301         0
    92/299     1.39G   0.04504   0.06422         0    0.1093       259       416    0.7907    0.7567    0.7944     0.377    0.0425   0.03379         0
    93/299     1.39G   0.04514   0.06526         0    0.1104       149       416    0.7935    0.7431    0.7915    0.3489   0.04353   0.03274         0
    94/299     1.39G   0.04576    0.0647         0    0.1105       187       416     0.744    0.8233    0.8111    0.3594   0.04361   0.03245         0
    95/299     1.39G   0.04598   0.06628         0    0.1123       205       416    0.7982    0.7133    0.7589    0.3353   0.04307   0.03296         0
    96/299     1.39G   0.04527   0.06427         0    0.1095       210       416    0.7648    0.7733    0.7811      0.33   0.04516   0.03233         0
    97/299     1.39G    0.0451   0.06275         0    0.1078       151       416    0.7994      0.72    0.7669    0.3395   0.04408   0.03326         0
    98/299     1.39G    0.0448   0.06436         0    0.1092       161       416     0.794    0.7467    0.7554      0.34   0.04344   0.03275         0
    99/299     1.39G   0.04522   0.06342         0    0.1086       177       416    0.7592       0.8    0.7963    0.3542   0.04207    0.0321         0
   100/299     1.39G   0.04392   0.06249         0    0.1064       187       416    0.7542    0.7365    0.7326    0.3268   0.04413   0.03383         0
   101/299     1.39G   0.04456   0.06409         0    0.1087       213       416     0.809    0.7367    0.7854    0.3689   0.04244   0.03261         0
   102/299     1.39G   0.04427   0.06227         0    0.1065       217       416    0.7427      0.77    0.7864     0.342   0.04391    0.0329         0
   103/299     1.39G   0.04447   0.06352         0     0.108       160       416    0.7692    0.7666    0.8026    0.3531   0.04372    0.0332         0
   104/299     1.39G   0.04398   0.06239         0    0.1064       187       416    0.7866    0.7495    0.7757    0.3484   0.04258   0.03178         0
   105/299     1.39G   0.04432   0.06401         0    0.1083       154       416    0.7513    0.7467    0.7472    0.3177   0.04434   0.03276         0
   106/299     1.39G   0.04437    0.0652         0    0.1096       201       416    0.8141      0.76    0.7888    0.3601   0.04281   0.03289         0
   107/299     1.39G   0.04373    0.0638         0    0.1075       204       416     0.827    0.7331    0.7883    0.3417   0.04392    0.0325         0
   108/299     1.39G   0.04359   0.06202         0    0.1056       206       416    0.7933    0.7933    0.8198    0.3844   0.04192   0.03162         0
   109/299     1.39G    0.0433   0.06144         0    0.1047       110       416    0.8208      0.78    0.8204      0.37   0.04187   0.03183         0
   110/299     1.39G   0.04409   0.06442         0    0.1085       146       416    0.7773    0.7797    0.7884    0.3329   0.04339   0.03323         0
   111/299     1.39G    0.0434   0.06142         0    0.1048       209       416    0.8042     0.753    0.7873    0.3544   0.04289   0.03165         0
   112/299     1.39G   0.04346    0.0609         0    0.1044       139       416    0.7964    0.7694    0.7943    0.3523   0.04303   0.03247         0
   113/299     1.39G   0.04381   0.06255         0    0.1064       226       416    0.7924    0.7767    0.8103    0.3511   0.04421   0.03222         0
   114/299     1.39G   0.04376   0.06113         0    0.1049       121       416    0.8064    0.7233    0.7564    0.3151   0.04458   0.03256         0
   115/299     1.39G   0.04351   0.06102         0    0.1045       161       416     0.825    0.7229    0.7734    0.3475   0.04259   0.03215         0
   116/299     1.39G   0.04301   0.06307         0    0.1061       180       416    0.7947    0.7633    0.8051    0.3535   0.04215   0.03296         0
   117/299     1.39G   0.04323   0.06157         0    0.1048       212       416    0.7681    0.7728     0.774    0.3294   0.04376   0.03255         0
   118/299     1.39G   0.04265    0.0631         0    0.1057       189       416    0.8198      0.76    0.8125    0.3573   0.04306   0.03152         0
   119/299     1.39G   0.04321   0.06241         0    0.1056       186       416    0.8332    0.7328    0.7775    0.3553   0.04221   0.03147         0
   120/299     1.39G   0.04308    0.0599         0     0.103       181       416    0.7839    0.7861    0.8049    0.3685   0.04169   0.03181         0
   121/299     1.39G    0.0431   0.06208         0    0.1052       157       416    0.7538    0.8164    0.7995    0.3763   0.04238   0.03281         0
   122/299     1.39G   0.04261   0.06163         0    0.1042       182       416    0.7602    0.7933    0.7935    0.3665   0.04305   0.03238         0
   123/299     1.39G   0.04271   0.06297         0    0.1057       168       416    0.8035    0.7633    0.8153    0.3811   0.04182   0.03172         0
   124/299     1.39G   0.04263   0.06002         0    0.1027       170       416    0.7945    0.7233    0.7676    0.3713   0.04259   0.03309         0
   125/299     1.39G   0.04199   0.06105         0     0.103       177       416    0.7751    0.7697    0.7915    0.3604   0.04305   0.03237         0
   126/299     1.39G   0.04253   0.06275         0    0.1053       190       416     0.773    0.7833    0.8192    0.3792   0.04198   0.03126         0
   127/299     1.39G   0.04246   0.06213         0    0.1046       201       416    0.7832    0.7833    0.7875    0.3636   0.04268    0.0323         0
   128/299     1.39G   0.04261   0.06154         0    0.1041       182       416    0.8121    0.7933    0.8171     0.358   0.04302   0.03159         0
   129/299     1.39G   0.04225   0.06163         0    0.1039       163       416    0.8105    0.7697    0.8168    0.3771   0.04161   0.03206         0
   130/299     1.39G   0.04268   0.06068         0    0.1034       241       416    0.7985    0.7533    0.7663    0.3622   0.04317   0.03308         0
   131/299     1.39G   0.04212   0.06024         0    0.1024       235       416     0.782    0.8132    0.8186    0.3713   0.04168   0.03137         0
   132/299     1.39G   0.04202   0.05971         0    0.1017       189       416    0.8011    0.7787    0.8187    0.3826   0.04224   0.03317         0
   133/299     1.39G   0.04133   0.06038         0    0.1017       236       416    0.8491    0.7133    0.7841    0.3642   0.04305   0.03271         0
   134/299     1.39G   0.04161   0.06316         0    0.1048       182       416    0.8181    0.7667    0.8233    0.3779   0.04224   0.03225         0
   135/299     1.39G   0.04137   0.06076         0    0.1021       206       416    0.8035    0.7633    0.8132     0.367   0.04254   0.03175         0
   136/299     1.39G   0.04203   0.06181         0    0.1038       127       416    0.8128      0.77    0.8127    0.3744    0.0416   0.03236         0
   137/299     1.39G   0.04161   0.06024         0    0.1019       191       416    0.8109    0.7433    0.7705     0.367   0.04231    0.0325         0
   138/299     1.39G   0.04157   0.06057         0    0.1021       237       416    0.8613    0.7267    0.8067    0.3728   0.04177   0.03261         0
   139/299     1.39G   0.04129   0.06036         0    0.1016       149       416    0.7663    0.8199     0.803    0.3917   0.04103   0.03172         0
   140/299     1.39G   0.04094   0.06192         0    0.1029       206       416    0.8442    0.7767    0.8356    0.3833   0.04209   0.03141         0
   141/299     1.39G   0.04017   0.05981         0   0.09998       143       416    0.8476    0.7633    0.8375     0.378   0.04143   0.03181         0
   142/299     1.39G   0.04065   0.05956         0    0.1002       211       416    0.8177    0.7933    0.8174    0.3574   0.04173   0.03167         0
   143/299     1.39G   0.04076   0.05943         0    0.1002       178       416    0.8276    0.7999    0.8202    0.3555   0.04246   0.03256         0
   144/299     1.39G    0.0406    0.0596         0    0.1002       136       416    0.7979    0.7767    0.8188    0.3886   0.04124   0.03189         0
   145/299     1.39G   0.04064   0.06029         0    0.1009       167       416    0.8319      0.76    0.8292    0.3668   0.04287   0.03206         0
   146/299     1.39G   0.04085    0.0608         0    0.1016       212       416    0.7959    0.7927    0.8137    0.3927   0.04145   0.03185         0
   147/299     1.39G   0.04012   0.05911         0   0.09923       209       416    0.8496    0.7567    0.8252    0.3699   0.04178   0.03168         0
   148/299     1.39G   0.04021   0.05939         0   0.09961       154       416    0.8164    0.7867    0.8165    0.3628   0.04236   0.03189         0
   149/299     1.39G   0.04007   0.05924         0   0.09931       210       416     0.807    0.7967    0.8354    0.3807   0.04257   0.03173         0
   150/299     1.39G   0.04034   0.05962         0   0.09996       148       416     0.791    0.8198    0.8151    0.3768   0.04234   0.03309         0
   151/299     1.39G   0.03994   0.05981         0   0.09976       197       416    0.8384    0.8133    0.8314     0.382   0.04114   0.03141         0
   152/299     1.39G    0.0406   0.05864         0   0.09925       182       416    0.8072    0.7957    0.8253    0.3885   0.04121   0.03125         0
   153/299     1.39G   0.04022   0.06033         0    0.1006       225       416    0.7913    0.7967    0.8159    0.3811   0.04129   0.03196         0
   154/299     1.39G   0.04027   0.05856         0   0.09883       153       416    0.8416    0.7467     0.808    0.3454   0.04344   0.03258         0
   155/299     1.39G   0.04023   0.05897         0    0.0992       113       416    0.7929      0.83    0.8112    0.3668   0.04125   0.03201         0
   156/299     1.39G   0.03981   0.05752         0   0.09733       140       416    0.8026    0.8132    0.8258    0.3694   0.04118   0.03188         0
   157/299     1.39G   0.03997   0.05886         0   0.09883       242       416    0.8321    0.7599    0.8172    0.3911   0.04178   0.03154         0
   158/299     1.39G   0.03996   0.05881         0   0.09877       158       416    0.8164    0.7867    0.8219    0.4019   0.04075   0.03211         0
   159/299     1.39G   0.04011   0.05888         0   0.09899       164       416    0.8285    0.7733    0.8181    0.4087   0.04046   0.03115         0
   160/299     1.39G   0.03948   0.05727         0   0.09675       168       416    0.8223    0.7733    0.8231     0.396   0.04087   0.03196         0
   161/299     1.39G   0.03955   0.05898         0   0.09853       213       416    0.8749      0.73    0.8077     0.398   0.04071   0.03165         0
   162/299     1.39G   0.03987   0.05881         0   0.09869       145       416    0.7951      0.75    0.7833    0.3755    0.0419   0.03243         0
   163/299     1.39G   0.03956   0.05881         0   0.09837       207       416    0.8382    0.7599    0.8272     0.389    0.0408     0.032         0
   164/299     1.39G   0.03908   0.05818         0   0.09726       213       416    0.8484    0.7467    0.7957    0.3741    0.0416   0.03173         0
   165/299     1.39G   0.03891   0.05803         0   0.09694       161       416    0.7839    0.8233    0.8217    0.3884   0.04059   0.03133         0
   166/299     1.39G   0.03947   0.05813         0    0.0976       170       416    0.8457    0.7867    0.8223    0.3948   0.04028   0.03098         0
   167/299     1.39G   0.03893   0.05728         0   0.09622       211       416    0.8321    0.7763    0.8092    0.3863   0.04167    0.0316         0
   168/299     1.39G   0.03945   0.05952         0   0.09896       175       416    0.8342    0.7884    0.8171    0.3556   0.04247   0.03168         0
   169/299     1.39G   0.03871   0.05746         0   0.09618       211       416     0.861    0.7233    0.8016    0.3636   0.04248   0.03225         0
   170/299     1.39G   0.03891    0.0569         0   0.09581       168       416    0.8452    0.7467    0.7958    0.3817   0.04124   0.03182         0
   171/299     1.39G   0.03866   0.05716         0   0.09583       161       416    0.7863    0.8093    0.8134    0.3702   0.04206   0.03208         0
   172/299     1.39G   0.03875   0.05777         0   0.09652       218       416    0.8332    0.8167    0.8353    0.4112   0.03998   0.03135         0
   173/299     1.39G   0.03926   0.05872         0   0.09799       190       416    0.8012    0.8233    0.8103    0.3751     0.041   0.03112         0
   174/299     1.39G   0.03847   0.05632         0   0.09479       189       416    0.8386    0.7965    0.8296    0.3802   0.04101   0.03173         0
   175/299     1.39G   0.03865    0.0575         0   0.09615       180       416    0.8213    0.7965    0.8241    0.3764   0.04181   0.03159         0
   176/299     1.39G    0.0387   0.05725         0   0.09595       140       416    0.7854    0.7967    0.8118     0.402   0.04049   0.03191         0
   177/299     1.39G    0.0396   0.05859         0   0.09819       177       416    0.8425      0.75    0.8072    0.3959   0.04101   0.03155         0
   178/299     1.39G   0.03836   0.05788         0   0.09624       145       416    0.8308    0.7867    0.8171    0.3915   0.04069   0.03173         0
   179/299     1.39G   0.03829   0.05612         0   0.09441       169       416    0.7925    0.8167    0.8159    0.3958   0.04092   0.03224         0
   180/299     1.39G   0.03836   0.05754         0    0.0959       188       416     0.843    0.7698    0.8193    0.3844   0.04136   0.03248         0
   181/299     1.39G   0.03797   0.05625         0   0.09422       153       416    0.8652      0.75    0.8181    0.3852   0.04109   0.03225         0
   182/299     1.39G   0.03786   0.05551         0   0.09337       152       416    0.8425    0.7733    0.8254    0.4006   0.04085   0.03163         0
   183/299     1.39G   0.03806   0.05495         0   0.09301       188       416    0.8131    0.7833      0.81    0.3968   0.04055   0.03237         0
   184/299     1.39G   0.03777   0.05638         0   0.09416       196       416    0.8031    0.8159    0.8287     0.382   0.04042   0.03271         0
   185/299     1.39G   0.03805   0.05731         0   0.09536       231       416    0.8153      0.78    0.8138    0.4082   0.03994   0.03201         0
   186/299     1.39G   0.03794   0.05422         0   0.09215       170       416    0.7993    0.7967    0.8149    0.3786   0.04101   0.03258         0
   187/299     1.39G   0.03787   0.05546         0   0.09334       188       416    0.8329    0.7667    0.8142    0.3814   0.04188   0.03273         0
   188/299     1.39G   0.03839   0.05645         0   0.09484       214       416     0.831    0.8033    0.8323    0.4003   0.04106   0.03193         0
   189/299     1.39G   0.03776   0.05557         0   0.09333       166       416    0.8327      0.83    0.8451    0.4048   0.04039   0.03087         0
   190/299     1.39G   0.03816   0.05681         0   0.09497       179       416    0.8213    0.8133    0.8304    0.3959    0.0412   0.03177         0
   191/299     1.39G   0.03743     0.056         0   0.09342       196       416    0.8296    0.7967    0.8252    0.3923   0.04046   0.03173         0
   192/299     1.39G   0.03763     0.056         0   0.09363       210       416    0.8018    0.8233     0.832    0.3958   0.04075   0.03226         0
   193/299     1.39G   0.03761   0.05502         0   0.09264       157       416     0.831    0.8031      0.83    0.3972   0.04096   0.03234         0
   194/299     1.39G   0.03785   0.05579         0   0.09364       151       416    0.8483    0.7833    0.8198    0.4059   0.04117   0.03197         0
   195/299     1.39G    0.0372   0.05615         0   0.09335       183       416    0.8549      0.77    0.8362    0.4003   0.04109   0.03181         0
   196/299     1.39G     0.037   0.05472         0   0.09172       165       416    0.8759    0.7997    0.8453     0.404    0.0403   0.03145         0
   197/299     1.39G    0.0373   0.05591         0   0.09321       215       416    0.8156    0.8257    0.8418     0.414   0.03992   0.03171         0
   198/299     1.39G   0.03738    0.0557         0   0.09308       173       416    0.8252    0.7767    0.8214     0.418   0.04021   0.03192         0
   199/299     1.39G   0.03668   0.05526         0   0.09194       145       416    0.8073    0.8521    0.8445    0.4137   0.03981   0.03139         0
   200/299     1.39G   0.03683   0.05432         0   0.09115       143       416    0.8312      0.79    0.8264     0.405   0.04063   0.03164         0
   201/299     1.39G   0.03697    0.0546         0   0.09157       247       416    0.8732    0.8032    0.8493    0.4035   0.04073   0.03125         0
   202/299     1.39G   0.03709   0.05515         0   0.09224       105       416    0.8617    0.7933    0.8451    0.4008    0.0403    0.0311         0
   203/299     1.39G     0.037   0.05502         0   0.09202       173       416    0.8806    0.7864    0.8534    0.4268   0.03921   0.03102         0
   204/299     1.39G   0.03645   0.05507         0   0.09151       176       416     0.848       0.8    0.8286     0.401    0.0407   0.03164         0
   205/299     1.39G   0.03703   0.05393         0   0.09096       161       416    0.8546    0.8032    0.8341    0.4109   0.03973   0.03123         0
   206/299     1.39G   0.03671   0.05389         0    0.0906       168       416    0.8744    0.8133    0.8463    0.4034   0.04052   0.03113         0
   207/299     1.39G   0.03668   0.05404         0   0.09072       144       416    0.8492      0.79    0.8439    0.4226   0.03943   0.03121         0
   208/299     1.39G   0.03628   0.05404         0   0.09032       163       416    0.8404    0.7896    0.8332    0.4113   0.04032   0.03145         0
   209/299     1.39G   0.03648   0.05615         0   0.09264       228       416     0.835      0.81    0.8384    0.3963   0.04104   0.03153         0
   210/299     1.39G   0.03669    0.0552         0    0.0919       155       416    0.8556      0.81     0.831    0.3886   0.04132   0.03165         0
   211/299     1.39G   0.03625   0.05487         0   0.09112       134       416    0.8726    0.7767    0.8322    0.3888    0.0408   0.03215         0
   212/299     1.39G   0.03645   0.05359         0   0.09004       132       416     0.875    0.7931    0.8537    0.4178   0.03962   0.03183         0
   213/299     1.39G   0.03643   0.05278         0   0.08921       214       416    0.8211    0.7833    0.8206    0.4041   0.04089   0.03191         0
   214/299     1.39G    0.0363   0.05318         0   0.08949       170       416    0.8623    0.7767    0.8263    0.3982   0.04045   0.03253         0
   215/299     1.39G   0.03608   0.05544         0   0.09152       206       416    0.8475    0.7964    0.8335    0.4113   0.04022   0.03189         0
   216/299     1.39G   0.03624   0.05412         0   0.09036       182       416    0.8703    0.8067    0.8389    0.4149      0.04     0.031         0
   217/299     1.39G   0.03613   0.05347         0    0.0896       197       416    0.8671    0.8266    0.8505     0.415   0.03969   0.03102         0
   218/299     1.39G   0.03595    0.0528         0   0.08875       146       416    0.8522    0.8267    0.8478    0.4074   0.04009   0.03096         0
   219/299     1.39G   0.03604   0.05284         0   0.08888       162       416    0.8591    0.7933    0.8398    0.3936   0.04074   0.03135         0
   220/299     1.39G   0.03611   0.05365         0   0.08976       217       416    0.8431    0.8067    0.8252    0.4044   0.03991   0.03148         0
   221/299     1.39G   0.03592   0.05409         0   0.09002       115       416     0.852    0.8067    0.8247    0.3958   0.04045   0.03175         0
   222/299     1.39G   0.03633   0.05396         0   0.09029       178       416    0.8718    0.7932    0.8324    0.4034   0.04062   0.03126         0
   223/299     1.39G   0.03558   0.05375         0   0.08934       198       416    0.8474       0.8    0.8317    0.4063   0.04021   0.03144         0
   224/299     1.39G   0.03583   0.05501         0   0.09084       161       416    0.8397    0.8031    0.8238    0.3985   0.04008   0.03188         0
   225/299     1.39G    0.0351   0.05328         0   0.08838       155       416    0.8345    0.8065    0.8293    0.4079   0.03959   0.03165         0
   226/299     1.39G    0.0352    0.0521         0    0.0873       208       416    0.8338      0.82     0.831    0.4115   0.03959   0.03134         0
   227/299     1.39G   0.03523   0.05356         0   0.08879       178       416    0.8415    0.8333    0.8482    0.4096   0.03943   0.03115         0
   228/299     1.39G   0.03546   0.05381         0   0.08927       167       416    0.8754    0.7963     0.839    0.4042   0.03998   0.03202         0
   229/299     1.39G   0.03545   0.05285         0    0.0883       226       416    0.8694       0.8    0.8397    0.4148   0.03926   0.03104         0
   230/299     1.39G   0.03523   0.05253         0   0.08775       177       416    0.8478       0.8    0.8332    0.4245   0.03957   0.03126         0
   231/299     1.39G   0.03548   0.05287         0   0.08835       201       416     0.853    0.8133    0.8416    0.4107   0.04033    0.0314         0
   232/299     1.39G   0.03513   0.05344         0   0.08857       166       416    0.8693       0.8    0.8343    0.4196    0.0397   0.03171         0
   233/299     1.39G   0.03514   0.05277         0   0.08791       227       416    0.8717    0.7933    0.8268    0.4198    0.0395   0.03143         0
   234/299     1.39G   0.03525   0.05313         0   0.08838       181       416    0.8482    0.7833    0.8282    0.4125   0.03982   0.03168         0
   235/299     1.39G   0.03529   0.05249         0   0.08778       166       416    0.8353    0.8133    0.8233    0.4071   0.04014   0.03159         0
   236/299     1.39G   0.03492   0.05156         0   0.08648       201       416    0.8293    0.8099    0.8348    0.3958   0.04017   0.03156         0
   237/299     1.39G   0.03534   0.05199         0   0.08734       263       416    0.8754    0.7964     0.833    0.4043   0.04006   0.03194         0
   238/299     1.39G   0.03543   0.05267         0    0.0881       148       416    0.8634    0.8033    0.8217    0.4025   0.03978   0.03172         0
   239/299     1.39G   0.03514   0.05111         0   0.08625       148       416    0.8827    0.8029    0.8363    0.4031    0.0397   0.03137         0
   240/299     1.39G   0.03488   0.05255         0   0.08743       149       416    0.8745    0.8133    0.8379    0.4087     0.039   0.03118         0
   241/299     1.39G   0.03472    0.0519         0   0.08662       161       416    0.8535      0.82    0.8345    0.4239   0.03904   0.03153         0
   242/299     1.39G   0.03507   0.05193         0   0.08699       163       416    0.8502    0.8133     0.821     0.415   0.03958   0.03154         0
   243/299     1.39G   0.03456   0.05252         0   0.08709       174       416    0.8571       0.8    0.8357     0.413   0.03983   0.03149         0
   244/299     1.39G   0.03467   0.05173         0    0.0864       146       416    0.8556      0.81    0.8409    0.4254   0.03853   0.03131         0
   245/299     1.39G    0.0345   0.05227         0   0.08677       222       416    0.8453    0.8198    0.8398    0.4134   0.03949   0.03127         0
   246/299     1.39G   0.03453    0.0514         0   0.08593       211       416    0.8388    0.8167    0.8235    0.3999   0.03996   0.03154         0
   247/299     1.39G   0.03436   0.05193         0   0.08629       185       416     0.855    0.8061    0.8202    0.4105      0.04   0.03172         0
   248/299     1.39G   0.03414    0.0511         0   0.08524       131       416    0.8476    0.8167    0.8273    0.4223   0.03951   0.03165         0
   249/299     1.39G   0.03484   0.05322         0   0.08806       185       416    0.8907    0.7633    0.8408    0.4234   0.03945   0.03208         0
   250/299     1.39G   0.03422   0.05173         0   0.08595       161       416    0.8344    0.8399    0.8518    0.4258   0.03909   0.03182         0
   251/299     1.39G   0.03465   0.05219         0   0.08684       202       416    0.8561    0.8133    0.8494    0.4206   0.03914   0.03174         0
   252/299     1.39G   0.03425   0.05357         0   0.08781       215       416    0.8382    0.8133    0.8274     0.419   0.03896   0.03196         0
   253/299     1.39G    0.0347   0.05178         0   0.08647       183       416    0.8691    0.7966     0.832    0.4154   0.03934   0.03153         0
   254/299     1.39G   0.03414   0.05044         0   0.08458       187       416    0.8373    0.8233    0.8271    0.4238   0.03907   0.03136         0
   255/299     1.39G   0.03434   0.05247         0   0.08681       172       416    0.8501    0.8133    0.8321    0.4288   0.03897   0.03172         0
   256/299     1.39G    0.0341   0.05138         0   0.08548       167       416     0.846    0.8067    0.8288    0.4193   0.03918   0.03189         0
   257/299     1.39G   0.03405   0.05294         0   0.08699       190       416    0.8649    0.7899    0.8375    0.4307    0.0386   0.03151         0
   258/299     1.39G   0.03395   0.05142         0   0.08537       190       416    0.8769    0.7833    0.8335    0.4278   0.03901    0.0314         0
   259/299     1.39G   0.03402   0.05194         0   0.08597       219       416    0.8861      0.78    0.8307    0.4109   0.03914   0.03202         0
   260/299     1.39G   0.03426   0.05156         0   0.08582       135       416    0.8418    0.8167    0.8354    0.4121   0.03973   0.03199         0
   261/299     1.39G   0.03426   0.04985         0   0.08411       233       416     0.851    0.7997    0.8313    0.4229    0.0393   0.03169         0
   262/299     1.39G   0.03426    0.0523         0   0.08656       179       416    0.8585      0.81    0.8373    0.4272   0.03898   0.03148         0
   263/299     1.39G   0.03379   0.05134         0   0.08513       175       416    0.8694    0.7991    0.8401      0.42   0.03932   0.03199         0
   264/299     1.39G   0.03412   0.05096         0   0.08508       151       416    0.8525      0.79    0.8304    0.4133   0.03919   0.03152         0
   265/299     1.39G   0.03403    0.0525         0   0.08654       239       416    0.8456    0.8033    0.8305    0.4093   0.03974   0.03195         0
   266/299     1.39G   0.03398   0.05279         0   0.08677       179       416    0.8684    0.7699    0.8315    0.4169   0.03955     0.032         0
   267/299     1.39G   0.03399   0.05215         0   0.08615       155       416    0.8555      0.81    0.8336    0.4085   0.03943   0.03182         0
   268/299     1.39G   0.03401    0.0514         0    0.0854       170       416    0.8765    0.8067    0.8434    0.4127   0.03927   0.03177         0
   269/299     1.39G   0.03367    0.0502         0   0.08387       141       416    0.8563       0.8    0.8493    0.4105   0.03974   0.03178         0
   270/299     1.39G   0.03377   0.05185         0   0.08562       173       416    0.8817    0.7733    0.8353    0.3945   0.04024   0.03269         0
   271/299     1.39G   0.03403     0.052         0   0.08603       185       416     0.849      0.83    0.8522    0.4083   0.03996   0.03217         0
   272/299     1.39G   0.03377   0.05145         0   0.08522       162       416    0.8589    0.8167     0.845    0.4214   0.03964   0.03163         0
   273/299     1.39G    0.0335   0.05202         0   0.08552       195       416    0.8591    0.8133    0.8435    0.4237   0.03902   0.03157         0
   274/299     1.39G   0.03328   0.04944         0   0.08272       231       416    0.8586    0.8299    0.8375    0.4221   0.03875   0.03188         0
   275/299     1.39G   0.03381   0.05163         0   0.08544       146       416    0.8673    0.8062    0.8394    0.4198   0.03911   0.03233         0
   276/299     1.39G   0.03326   0.04924         0    0.0825       179       416    0.8606    0.8231    0.8434    0.4167   0.03934   0.03166         0
   277/299     1.39G   0.03339   0.05052         0   0.08391       181       416    0.8546    0.8233    0.8333    0.4161    0.0394   0.03149         0
   278/299     1.39G   0.03348   0.05021         0   0.08369       225       416     0.868    0.7891    0.8312    0.4077   0.04014   0.03191         0
   279/299     1.39G    0.0338   0.05083         0   0.08464       146       416    0.8566    0.7966     0.838    0.4144   0.04009   0.03177         0
   280/299     1.39G   0.03351    0.0489         0   0.08241       185       416    0.8893    0.8033    0.8474    0.4261   0.03905   0.03135         0
   281/299     1.39G   0.03365    0.0501         0   0.08375       134       416    0.8591    0.8133    0.8342    0.4123   0.03941   0.03167         0
   282/299     1.39G    0.0336   0.05133         0   0.08493       190       416    0.8666    0.8233    0.8423    0.4139   0.03958   0.03186         0
   283/299     1.39G   0.03341    0.0512         0   0.08461       228       416    0.8592    0.7932    0.8326    0.4166   0.03951   0.03181         0
   284/299     1.39G   0.03325   0.05147         0   0.08473       169       416    0.8502    0.8132    0.8417     0.419   0.03888   0.03177         0
   285/299     1.39G   0.03361   0.05145         0   0.08506       154       416    0.8674    0.8065    0.8415    0.4175   0.03939   0.03167         0
   286/299     1.39G   0.03347    0.0496         0   0.08307       165       416    0.8488    0.8233    0.8378    0.4087   0.03941   0.03169         0
   287/299     1.39G   0.03313   0.05093         0   0.08405       208       416    0.8701    0.8264    0.8442    0.4145   0.03955    0.0315         0
   288/299     1.39G   0.03336    0.0507         0   0.08407       141       416    0.8718    0.8167    0.8425    0.4218   0.03967   0.03158         0
   289/299     1.39G   0.03319   0.05033         0   0.08352       186       416    0.8493    0.8267    0.8472    0.4144   0.03972   0.03152         0
   290/299     1.39G   0.03341   0.05094         0   0.08435       281       416    0.8662    0.8199    0.8473      0.42   0.03922   0.03183         0
   291/299     1.39G   0.03332   0.04948         0   0.08279       200       416    0.8708      0.81    0.8428    0.4165   0.03936   0.03233         0
   292/299     1.39G   0.03305   0.05081         0   0.08386       211       416    0.8663       0.8     0.837    0.4091   0.03967   0.03215         0
   293/299     1.39G   0.03299   0.04973         0   0.08272       225       416    0.8378    0.8266    0.8379    0.4143   0.03933     0.032         0
   294/299     1.39G   0.03319    0.0507         0   0.08388       196       416    0.8626    0.8167     0.836    0.4194   0.03919   0.03184         0
   295/299     1.39G   0.03335   0.05077         0   0.08412       170       416    0.8696       0.8    0.8263    0.4274   0.03883   0.03207         0
   296/299     1.39G   0.03267   0.04951         0   0.08218       157       416    0.8856    0.7998    0.8427    0.4256   0.03871   0.03171         0
   297/299     1.39G   0.03296   0.05046         0   0.08342       157       416    0.8877    0.8165    0.8532    0.4322   0.03863   0.03156         0
   298/299     1.39G   0.03346   0.04939         0   0.08285       189       416    0.8917    0.8233    0.8535    0.4304    0.0389   0.03141         0
   299/299     1.39G   0.03285   0.04937         0   0.08221       177       416    0.8687    0.8161    0.8518    0.4327   0.03865   0.03118         0
