     0/299     1.38G    0.1029   0.08887         0    0.1917       113       416   0.00807    0.2574  0.002746 0.0003699   0.08722   0.05846         0
     1/299      1.4G   0.09703   0.08979         0    0.1868       128       416  0.008303    0.4053  0.003581 0.0006097   0.08523   0.06032         0
     2/299      1.4G   0.09598   0.08931         0    0.1853       122       416  0.009071   0.09467  0.003157 0.0004883   0.08601   0.06013         0
     3/299      1.4G   0.09526   0.09195         0    0.1872       137       416  0.008529    0.1124  0.002803 0.0004692    0.0881   0.05908         0
     4/299      1.4G   0.09488   0.09079         0    0.1857       138       416  0.008239   0.08284  0.003245 0.0005047    0.0855    0.0608         0
     5/299      1.4G    0.0937     0.094         0    0.1877       110       416  0.008128    0.2574  0.003425 0.0004944   0.08533   0.06068         0
     6/299      1.4G   0.09278   0.09374         0    0.1865       130       416   0.01459   0.08284  0.005897 0.0008903    0.0846   0.06012         0
     7/299      1.4G   0.09213   0.09157         0    0.1837       108       416   0.07725    0.1213   0.03555  0.008783   0.08424   0.05965         0
     8/299      1.4G    0.0905    0.0913         0    0.1818       155       416    0.1107    0.1982   0.05663   0.01051   0.08286    0.0564         0
     9/299      1.4G   0.08645   0.08888         0    0.1753       159       416    0.1616    0.1953   0.08564    0.0193   0.08082   0.05582         0
    10/299      1.4G   0.08192   0.08789         0    0.1698       120       416   0.08151    0.1805   0.03487  0.008238   0.07811   0.06271         0
    11/299      1.4G   0.07854   0.08824         0    0.1668       123       416   0.08409    0.1331   0.02921  0.006631   0.08408   0.05821         0
    12/299      1.4G   0.07609    0.0894         0    0.1655       120       416   0.07294   0.01479  0.004823 0.0007278   0.09811   0.07909         0
    13/299      1.4G   0.07554   0.08994         0    0.1655        99       416    0.0775    0.1834   0.03329  0.007427   0.08733   0.05369         0
    14/299      1.4G   0.07242    0.0886         0     0.161       167       416    0.2713    0.4408    0.2322   0.05225   0.06961   0.05535         0
    15/299      1.4G   0.07046   0.08932         0    0.1598        94       416   0.06987    0.3846   0.04466   0.01036   0.07343    0.1858         0
    16/299      1.4G   0.06899   0.08638         0    0.1554       117       416    0.1542    0.1331   0.05053   0.01325   0.07688   0.06076         0
    17/299      1.4G   0.06745   0.08515         0    0.1526        96       416    0.3644    0.4911    0.3419   0.08581   0.06638   0.04768         0
    18/299      1.4G   0.06575   0.08612         0    0.1519        78       416   0.01431   0.02358  0.001749 0.0002909    0.1088   0.09789         0
    19/299      1.4G   0.06482   0.08365         0    0.1485       101       416    0.5284    0.4231    0.4073    0.1247   0.06146   0.05427         0
    20/299      1.4G    0.0638   0.08471         0    0.1485       153       416    0.5178     0.426    0.4123    0.1244   0.06292   0.04865         0
    21/299      1.4G   0.06352   0.08576         0    0.1493       105       416    0.4513    0.3431    0.2965   0.07812   0.06683   0.04562         0
    22/299      1.4G    0.0627   0.08389         0    0.1466       121       416    0.5684    0.4408    0.4387    0.1251   0.06387   0.04551         0
    23/299      1.4G   0.06128   0.08322         0    0.1445       153       416    0.6222    0.5409    0.5359    0.1591   0.06019    0.0446         0
    24/299      1.4G   0.06109   0.08355         0    0.1446        88       416    0.6563    0.5705    0.5737    0.1982   0.05492   0.04462         0
    25/299      1.4G    0.0602   0.08359         0    0.1438       150       416    0.5949    0.4692     0.435    0.1102   0.06287   0.04546         0
    26/299      1.4G   0.05953   0.08411         0    0.1436       175       416    0.6388    0.5562    0.5679    0.1707   0.05781   0.04537         0
    27/299      1.4G   0.05925   0.08371         0     0.143       117       416  0.004332    0.1243 0.0008593  0.000142    0.1255     1.088         0
    28/299      1.4G   0.05981   0.08299         0    0.1428        98       416    0.5841    0.5828    0.5343    0.1662   0.05646   0.04624         0
    29/299      1.4G   0.05972   0.08281         0    0.1425       187       416    0.5386    0.5325    0.4875    0.1418   0.05969   0.04537         0
    30/299      1.4G   0.05772   0.08093         0    0.1386       212       416    0.5192    0.5976    0.5613    0.2114   0.05482    0.0476         0
    31/299      1.4G   0.05698   0.08248         0    0.1395       131       416    0.5546    0.5533    0.5085    0.1683   0.05665   0.04512         0
    32/299      1.4G   0.05756   0.08313         0    0.1407       119       416     0.538    0.4996    0.4888    0.1272   0.06221    0.0436         0
    33/299      1.4G   0.05688   0.08121         0    0.1381       108       416     0.614    0.5651    0.5795    0.1757    0.0569   0.04412         0
    34/299      1.4G    0.0563   0.07808         0    0.1344        96       416    0.6491    0.5207    0.5607    0.1443   0.05898   0.04304         0
    35/299      1.4G   0.05746   0.08125         0    0.1387       131       416    0.6864     0.568    0.6176     0.217    0.0533   0.04364         0
    36/299      1.4G    0.0559   0.08196         0    0.1379       167       416    0.6367     0.645    0.6333    0.1982   0.05532   0.04249         0
    37/299      1.4G   0.05508   0.07933         0    0.1344       102       416    0.6597    0.6627    0.6424    0.2343   0.05208   0.04498         0
    38/299      1.4G   0.05534   0.07984         0    0.1352       131       416    0.6532    0.6213    0.6255    0.2026   0.05528   0.04247         0
    39/299      1.4G   0.05607   0.07744         0    0.1335       107       416    0.6503    0.6271    0.6396    0.2257   0.05259   0.04504         0
    40/299      1.4G   0.05426   0.08037         0    0.1346       136       416    0.6396    0.6195    0.6093    0.1867   0.05765    0.0427         0
    41/299      1.4G   0.05414   0.07736         0    0.1315       154       416    0.6676    0.5646    0.5959    0.1814   0.05808   0.04054         0
    42/299      1.4G   0.05449   0.07926         0    0.1338       106       416    0.7105    0.5828     0.624    0.2146   0.05465   0.04425         0
    43/299      1.4G   0.05387   0.07625         0    0.1301       124       416    0.7287    0.6356      0.68    0.2276   0.05213   0.04164         0
    44/299      1.4G   0.05314   0.07644         0    0.1296       120       416    0.6117    0.6154    0.5989    0.1867   0.05618   0.04043         0
    45/299      1.4G   0.05336   0.07654         0    0.1299       135       416    0.5888     0.497    0.4576    0.1169   0.06144   0.04271         0
    46/299      1.4G   0.05316   0.07792         0    0.1311       119       416    0.6652    0.6243    0.6407    0.2284   0.05355   0.04227         0
    47/299      1.4G   0.05292   0.07853         0    0.1314       153       416    0.6334     0.571    0.5779     0.147    0.0598   0.04106         0
    48/299      1.4G   0.05252   0.07578         0    0.1283       115       416    0.7213    0.6508    0.7179    0.2735   0.05027   0.04258         0
    49/299      1.4G   0.05239   0.07784         0    0.1302       114       416    0.6965    0.6065    0.6277    0.1759   0.05665   0.04302         0
    50/299      1.4G   0.05182   0.07538         0    0.1272       102       416    0.6622    0.6206    0.6425    0.2084   0.05522   0.04265         0
    51/299      1.4G   0.05212   0.07424         0    0.1264       107       416    0.7214     0.645     0.669    0.2289   0.05214   0.04247         0
    52/299      1.4G   0.05199   0.07741         0    0.1294       124       416    0.7277    0.6878    0.7368    0.2695   0.05074   0.03985         0
    53/299      1.4G   0.05183   0.07565         0    0.1275       101       416    0.6859    0.5562    0.5987    0.1892   0.05617   0.04228         0
    54/299      1.4G   0.05154   0.07519         0    0.1267       141       416    0.7075    0.6538    0.6954    0.2492   0.05219    0.0402         0
    55/299      1.4G   0.05167   0.07716         0    0.1288       114       416    0.7108    0.6805    0.7159    0.2519    0.0516   0.04293         0
    56/299      1.4G    0.0516   0.07485         0    0.1264       121       416    0.7048    0.5917    0.6304    0.2149   0.05411    0.0409         0
    57/299      1.4G     0.051   0.07555         0    0.1265        94       416    0.7779    0.6322    0.7102    0.2421   0.05242   0.03953         0
    58/299      1.4G   0.05115   0.07556         0    0.1267       133       416    0.7729    0.6716    0.7221    0.2577   0.05109   0.04039         0
    59/299      1.4G   0.05059   0.07398         0    0.1246       128       416    0.7337    0.5888    0.6349    0.1939   0.05611   0.04008         0
    60/299      1.4G   0.04985   0.07296         0    0.1228       103       416    0.7063    0.6982    0.7291    0.3094   0.04767   0.04105         0
    61/299      1.4G   0.05077   0.07362         0    0.1244       104       416    0.7069    0.6213    0.6649    0.2103    0.0545   0.03986         0
    62/299      1.4G   0.05003   0.07475         0    0.1248       127       416    0.7246    0.6538    0.6856    0.2227   0.05382   0.03911         0
    63/299      1.4G   0.04966   0.07519         0    0.1249       148       416    0.7173     0.698    0.7324    0.2589   0.05179   0.03987         0
    64/299      1.4G   0.04984   0.07396         0    0.1238       106       416    0.6835    0.6036    0.5975    0.1745   0.05705   0.04089         0
    65/299      1.4G    0.0497   0.07291         0    0.1226       111       416    0.7328    0.6834    0.6846    0.2415   0.05188   0.04016         0
    66/299      1.4G   0.04915   0.07449         0    0.1236       113       416    0.7671    0.6746    0.7245    0.2455   0.05244   0.03933         0
    67/299      1.4G   0.05009   0.07315         0    0.1232        68       416    0.7417    0.7396    0.7555    0.2883   0.04761   0.03966         0
    68/299      1.4G   0.04954    0.0737         0    0.1232       139       416    0.8148     0.642     0.744    0.2505    0.0521   0.03907         0
    69/299      1.4G   0.04922   0.07378         0     0.123       123       416    0.7574    0.6745    0.7277    0.2474   0.05168    0.0384         0
    70/299      1.4G   0.04868    0.0729         0    0.1216       152       416    0.7373    0.6716    0.7036     0.264   0.05161   0.04009         0
    71/299      1.4G   0.04942   0.07376         0    0.1232       151       416    0.7025    0.6568    0.6584    0.1838   0.05721   0.03895         0
    72/299      1.4G    0.0484   0.07128         0    0.1197       138       416    0.7131    0.6716    0.7039    0.2409   0.05287   0.03886         0
    73/299      1.4G   0.04795   0.07207         0      0.12       173       416    0.7516    0.6803    0.7304    0.2401   0.05325   0.03792         0
    74/299      1.4G   0.04813   0.07052         0    0.1186       121       416    0.7732    0.6982    0.7496     0.284   0.04922   0.03858         0
    75/299      1.4G   0.04866   0.07274         0    0.1214       122       416    0.7535    0.7367    0.7598    0.2828   0.04883   0.04055         0
    76/299      1.4G    0.0483   0.07116         0    0.1195       126       416    0.7625    0.6953      0.74    0.2507   0.05204   0.03838         0
    77/299      1.4G   0.04793   0.07149         0    0.1194       121       416    0.6949    0.6953    0.7162     0.264   0.05194   0.04032         0
    78/299      1.4G   0.04796   0.07053         0    0.1185       129       416    0.7521     0.736    0.8012    0.3087   0.04763   0.03908         0
    79/299      1.4G   0.04773     0.072         0    0.1197       117       416    0.7798    0.7335    0.7833    0.2843   0.04978   0.03846         0
    80/299      1.4G   0.04768   0.07398         0    0.1217       142       416    0.7425    0.7012    0.7251    0.2342   0.05367    0.0389         0
    81/299      1.4G   0.04737   0.07312         0    0.1205       190       416    0.7265    0.7781    0.7782    0.3022   0.04782   0.03821         0
    82/299      1.4G   0.04766   0.07331         0     0.121       132       416    0.7222    0.7308    0.7298    0.2504   0.05159   0.03903         0
    83/299      1.4G   0.04728   0.06992         0    0.1172       131       416    0.7096    0.6953     0.701    0.2233   0.05356   0.03967         0
    84/299      1.4G   0.04699   0.06968         0    0.1167       124       416    0.7786    0.7189    0.7783    0.3023   0.04876   0.03853         0
    85/299      1.4G   0.04675   0.06762         0    0.1144        94       416    0.7541    0.7189    0.7495    0.2841   0.05079   0.03938         0
    86/299      1.4G   0.04687   0.07007         0    0.1169       131       416    0.7374    0.7395    0.7677    0.2675   0.05105   0.03766         0
    87/299      1.4G   0.04683   0.07071         0    0.1175        87       416     0.814    0.6864    0.7754    0.2775   0.04975   0.03787         0
    88/299      1.4G   0.04643   0.06881         0    0.1152        99       416    0.7177    0.7692    0.7687    0.2926   0.04947   0.03771         0
    89/299      1.4G   0.04676   0.06956         0    0.1163       146       416    0.7343     0.713    0.7424    0.2766   0.05015   0.03832         0
    90/299      1.4G    0.0461   0.06888         0     0.115       125       416    0.7545    0.7485    0.7812    0.2809   0.05041    0.0378         0
    91/299      1.4G   0.04613   0.07053         0    0.1167       117       416    0.8339    0.6538    0.7744     0.297   0.04902   0.03996         0
    92/299      1.4G   0.04651   0.06927         0    0.1158       139       416    0.7641    0.7396    0.7828    0.2815   0.04978   0.03889         0
    93/299      1.4G   0.04651   0.07141         0    0.1179       122       416    0.7708    0.6805    0.7221    0.2158   0.05483   0.03844         0
    94/299      1.4G   0.04602   0.06974         0    0.1158       120       416    0.8036    0.7507    0.8124    0.3129   0.04853   0.03694         0
    95/299      1.4G   0.04656   0.06944         0     0.116       104       416    0.7835    0.7308    0.7946    0.2688   0.04992   0.03792         0
    96/299      1.4G   0.04635   0.07184         0    0.1182        91       416      0.77    0.6537    0.7262    0.2161   0.05533   0.03892         0
    97/299      1.4G   0.04575   0.06741         0    0.1132       109       416    0.7678    0.6775    0.7123    0.2381   0.05444   0.03725         0
    98/299      1.4G    0.0453   0.06846         0    0.1138       138       416    0.7426    0.7456    0.7768     0.274   0.05164   0.03798         0
    99/299      1.4G   0.04546   0.06787         0    0.1133       133       416    0.7949    0.6535    0.7406    0.2652   0.05009   0.03887         0
   100/299      1.4G   0.04518   0.06752         0    0.1127       124       416    0.7511    0.7604    0.7928    0.2945   0.04837   0.03729         0
   101/299      1.4G   0.04509   0.06847         0    0.1136       118       416    0.8005    0.7485    0.7891    0.2852   0.04981   0.03806         0
   102/299      1.4G   0.04516   0.06818         0    0.1133       134       416    0.7661    0.7751    0.7966    0.3138   0.04716   0.03745         0
   103/299      1.4G   0.04544   0.06784         0    0.1133        83       416    0.8026    0.7217    0.8001    0.2835   0.05014   0.03723         0
   104/299      1.4G   0.04452   0.06711         0    0.1116       138       416    0.8143    0.7396    0.8078    0.2988   0.04842   0.03734         0
   105/299      1.4G   0.04475   0.06648         0    0.1112       121       416    0.8096    0.7189    0.7853    0.2913   0.04967   0.03762         0
   106/299      1.4G   0.04463   0.07121         0    0.1158       165       416    0.8107    0.7101    0.7739    0.2815   0.05049   0.03816         0
   107/299      1.4G   0.04462   0.06829         0    0.1129       122       416    0.8081    0.7604    0.8115    0.2963   0.04876   0.03697         0
   108/299      1.4G   0.04428   0.06701         0    0.1113       135       416    0.7442    0.7661    0.7674    0.2714    0.0507   0.03774         0
   109/299      1.4G   0.04429   0.06703         0    0.1113       129       416    0.7987     0.763    0.7843    0.2531   0.05112    0.0379         0
   110/299      1.4G   0.04472   0.06897         0    0.1137       196       416    0.7912    0.6953    0.7627    0.2824   0.05085   0.03769         0
   111/299      1.4G   0.04413    0.0651         0    0.1092       183       416    0.7937    0.7511    0.7885    0.2696   0.05078   0.03708         0
   112/299      1.4G   0.04411   0.06469         0    0.1088       151       416    0.7689    0.7485    0.7985    0.3133   0.04812    0.0367         0
   113/299      1.4G   0.04368   0.06695         0    0.1106       137       416    0.8062    0.7515    0.8031    0.2986   0.04901   0.03656         0
   114/299      1.4G   0.04387   0.06614         0      0.11       128       416    0.8019    0.7064    0.7668    0.2644    0.0515   0.03768         0
   115/299      1.4G   0.04304   0.06395         0     0.107        81       416    0.7878    0.7692    0.8025    0.3128   0.04785   0.03671         0
   116/299      1.4G   0.04369   0.06603         0    0.1097       128       416    0.8068     0.766    0.8141    0.3171   0.04682   0.03698         0
   117/299      1.4G   0.04325   0.06663         0    0.1099        94       416    0.8162    0.7749     0.821    0.3322   0.04577   0.03751         0
   118/299      1.4G   0.04368   0.06595         0    0.1096       106       416    0.8066    0.7895    0.8244    0.3123   0.04744   0.03773         0
   119/299      1.4G   0.04334   0.06655         0    0.1099       126       416    0.8537    0.7425    0.8412    0.3477   0.04568    0.0359         0
   120/299      1.4G   0.04349   0.06619         0    0.1097        94       416    0.8411    0.7396    0.7993    0.3191   0.04733   0.03717         0
   121/299      1.4G   0.04362   0.06612         0    0.1097       139       416    0.7681     0.784    0.8147    0.3054   0.04848   0.03741         0
   122/299      1.4G   0.04312   0.06675         0    0.1099       206       416    0.8066    0.7426    0.7855    0.2955   0.04934   0.03824         0
   123/299      1.4G   0.04283   0.06499         0    0.1078       137       416    0.7861    0.7396    0.7894    0.2952   0.04871    0.0364         0
   124/299      1.4G   0.04269   0.06559         0    0.1083       102       416    0.8095    0.7544    0.7898    0.2834   0.05005   0.03805         0
   125/299      1.4G   0.04267   0.06576         0    0.1084       137       416    0.7632    0.7663    0.7789    0.2599   0.05193   0.03791         0
   126/299      1.4G   0.04276   0.06405         0    0.1068       131       416    0.8098    0.7456    0.8044    0.3179   0.04718   0.03737         0
   127/299      1.4G    0.0427   0.06631         0     0.109       128       416    0.7896    0.7337    0.7611    0.2571   0.05212   0.03736         0
   128/299      1.4G   0.04263   0.06462         0    0.1073       140       416    0.8477    0.7573    0.8062    0.3155   0.04754    0.0365         0
   129/299      1.4G   0.04252   0.06549         0     0.108       174       416     0.809    0.7899    0.8175    0.3027   0.04847   0.03706         0
   130/299      1.4G   0.04183   0.06272         0    0.1046       115       416    0.7788    0.8136     0.825    0.3184   0.04773   0.03717         0
   131/299      1.4G   0.04275   0.06574         0    0.1085        78       416    0.8285    0.7716    0.8429     0.328   0.04707   0.03747         0
   132/299      1.4G   0.04191   0.06339         0    0.1053       104       416    0.7796    0.8166    0.8227    0.3168    0.0481   0.03644         0
   133/299      1.4G   0.04156   0.06056         0    0.1021       124       416    0.7718    0.8105    0.8064    0.3101   0.04689   0.03592         0
   134/299      1.4G    0.0423   0.06461         0    0.1069       140       416    0.8311    0.7722    0.8328    0.3253   0.04709   0.03694         0
   135/299      1.4G   0.04204   0.06323         0    0.1053       104       416    0.8025    0.7572    0.8189    0.3083   0.04825   0.03736         0
   136/299      1.4G   0.04176   0.06477         0    0.1065       137       416    0.8056    0.7599    0.8218    0.2962   0.04834   0.03674         0
   137/299      1.4G   0.04113   0.06157         0    0.1027       167       416    0.8329    0.7101    0.7885     0.295   0.04906   0.03721         0
   138/299      1.4G   0.04142    0.0612         0    0.1026       131       416    0.8107    0.7101    0.7634    0.2627   0.05185   0.03784         0
   139/299      1.4G   0.04162   0.06351         0    0.1051        96       416    0.7961    0.7988    0.8163    0.3032   0.04834   0.03655         0
   140/299      1.4G   0.04163   0.06393         0    0.1056       115       416    0.8171     0.846    0.8421    0.3464   0.04598   0.03561         0
   141/299      1.4G   0.04093    0.0621         0     0.103       158       416     0.842    0.7604    0.8253     0.333   0.04666   0.03638         0
   142/299      1.4G   0.04122   0.06251         0    0.1037       146       416    0.7899    0.8018    0.8246     0.336   0.04631   0.03555         0
   143/299      1.4G   0.04138   0.06269         0    0.1041       112       416    0.8058    0.8107     0.833    0.3212   0.04709   0.03684         0
   144/299      1.4G   0.04158   0.06258         0    0.1042       163       416    0.8184    0.8132    0.8206     0.327   0.04594   0.03668         0
   145/299      1.4G   0.04079   0.06237         0    0.1032       153       416    0.7856    0.8254    0.8287    0.3504   0.04496    0.0363         0
   146/299      1.4G   0.04114   0.06266         0    0.1038       106       416    0.7946    0.7899     0.818    0.3136   0.04813   0.03658         0
   147/299      1.4G   0.04139   0.06379         0    0.1052       151       416    0.7736    0.7985    0.8053    0.3151   0.04687   0.03605         0
   148/299      1.4G   0.04087   0.06209         0     0.103       134       416    0.7987    0.7631     0.793    0.2797   0.05016   0.03716         0
   149/299      1.4G   0.04054   0.06254         0    0.1031       157       416    0.8396    0.7899      0.84    0.3358   0.04616   0.03616         0
   150/299      1.4G   0.03998   0.06285         0    0.1028       138       416    0.7752    0.8163    0.8068    0.2869   0.04946   0.03763         0
   151/299      1.4G   0.04034    0.0637         0     0.104       114       416    0.8089    0.8017    0.8289    0.3176   0.04754   0.03664         0
   152/299      1.4G   0.04046   0.06068         0    0.1011        98       416    0.8046    0.8282    0.8346     0.328   0.04646   0.03647         0
   153/299      1.4G   0.03978   0.05999         0   0.09977       115       416    0.8271    0.7219    0.7804    0.2925   0.04858   0.03711         0
   154/299      1.4G   0.04059   0.06218         0    0.1028        81       416    0.7863    0.7633    0.7833    0.2841   0.04964   0.03659         0
   155/299      1.4G   0.03988   0.06216         0     0.102       134       416     0.765    0.7897    0.7947    0.2967   0.04902   0.03654         0
   156/299      1.4G   0.03967   0.05975         0   0.09942       121       416    0.8211    0.7337     0.791    0.3073   0.04849    0.0375         0
   157/299      1.4G   0.04019   0.06364         0    0.1038       162       416    0.8472    0.7544    0.8235    0.3291   0.04683   0.03668         0
   158/299      1.4G   0.04007   0.06012         0    0.1002       107       416    0.8073    0.7811     0.813    0.3133   0.04755    0.0363         0
   159/299      1.4G   0.04003   0.05985         0   0.09988       125       416    0.8317    0.7456    0.8204    0.3096   0.04807   0.03664         0
   160/299      1.4G   0.03983   0.06074         0    0.1006       104       416    0.8427    0.7928    0.8352    0.3334   0.04586   0.03696         0
   161/299      1.4G   0.03982   0.06169         0    0.1015        92       416    0.8328    0.7958    0.8116    0.3235   0.04773   0.03612         0
   162/299      1.4G   0.03957   0.06032         0   0.09989        86       416    0.8671    0.7751    0.8528    0.3574    0.0443   0.03637         0
   163/299      1.4G   0.03937   0.06076         0    0.1001       106       416    0.8473    0.7396    0.8021    0.3145   0.04725   0.03688         0
   164/299      1.4G   0.03988   0.06007         0   0.09995       138       416    0.7975    0.7923    0.8052    0.3004   0.04842   0.03644         0
   165/299      1.4G   0.03944   0.06114         0    0.1006       137       416    0.8262    0.8015    0.8179     0.315   0.04757   0.03658         0
   166/299      1.4G    0.0394   0.06054         0   0.09994       122       416    0.8204    0.7839    0.8285    0.3311   0.04714   0.03644         0
   167/299      1.4G   0.03915   0.05997         0   0.09912       144       416    0.8564    0.7988    0.8561    0.3384    0.0461   0.03581         0
   168/299      1.4G   0.03925   0.06227         0    0.1015       120       416    0.8134    0.7868    0.8291    0.3264   0.04752   0.03593         0
   169/299      1.4G   0.03939   0.06229         0    0.1017       171       416    0.7875    0.7897    0.8059    0.2986   0.04853    0.0364         0
   170/299      1.4G    0.0391   0.05982         0   0.09891        97       416    0.8286    0.7869    0.8148     0.331   0.04632   0.03667         0
   171/299      1.4G    0.0389   0.05973         0   0.09863       129       416    0.8076    0.7959    0.8153    0.3108   0.04769   0.03758         0
   172/299      1.4G   0.03892   0.05932         0   0.09824       145       416    0.7939    0.7751    0.8179    0.3197   0.04756   0.03698         0
   173/299      1.4G   0.03907   0.06042         0   0.09949       140       416    0.8447    0.7899    0.8458    0.3583   0.04472   0.03663         0
   174/299      1.4G   0.03938   0.06063         0       0.1        84       416    0.8422    0.7426     0.814    0.3333   0.04701   0.03631         0
   175/299      1.4G   0.03869   0.05893         0   0.09762        96       416    0.8043    0.7661    0.7985     0.294   0.04944    0.0369         0
   176/299      1.4G   0.03836   0.05798         0   0.09634       102       416    0.8458    0.7959    0.8147    0.3229   0.04731   0.03591         0
   177/299      1.4G   0.03877   0.06063         0    0.0994        96       416    0.8473    0.7719    0.8394    0.3175   0.04721     0.036         0
   178/299      1.4G   0.03861   0.05986         0   0.09847       163       416    0.8184      0.76    0.7936    0.3212   0.04732   0.03629         0
   179/299      1.4G   0.03897    0.0595         0   0.09846       130       416    0.7937    0.8018    0.8026     0.326   0.04786   0.03617         0
   180/299      1.4G   0.03809    0.0591         0   0.09719       127       416    0.8281    0.7839    0.8275    0.3274    0.0468   0.03589         0
   181/299      1.4G   0.03815   0.05969         0   0.09784       101       416    0.7975    0.7722    0.7978    0.3147   0.04724   0.03664         0
   182/299      1.4G   0.03876   0.05905         0    0.0978       139       416    0.8544    0.7663    0.8222      0.34   0.04622   0.03635         0
   183/299      1.4G   0.03824   0.05907         0   0.09731       151       416    0.8626    0.7811    0.8416    0.3259   0.04643   0.03648         0
   184/299      1.4G   0.03812   0.05909         0   0.09721       116       416    0.8113    0.7899    0.8186    0.3325   0.04641   0.03658         0
   185/299      1.4G    0.0381   0.05808         0   0.09618       114       416    0.8364    0.8015    0.8345    0.3413   0.04581   0.03609         0
   186/299      1.4G   0.03828   0.05746         0   0.09573       119       416    0.8452    0.8136    0.8449    0.3236   0.04777   0.03625         0
   187/299      1.4G   0.03783   0.05859         0   0.09642       150       416    0.8181    0.7988    0.8304    0.3193   0.04809   0.03575         0
   188/299      1.4G   0.03782   0.05746         0   0.09528        92       416    0.8281    0.7988    0.8358    0.3335   0.04717   0.03654         0
   189/299      1.4G   0.03765   0.05888         0   0.09653       144       416    0.8349    0.7928    0.8207    0.3244   0.04717   0.03661         0
   190/299      1.4G   0.03756   0.05878         0   0.09634       136       416    0.8392    0.7899    0.8429    0.3424   0.04624   0.03587         0
   191/299      1.4G   0.03788   0.05859         0   0.09647       121       416     0.834    0.7751    0.8083    0.3123   0.04835   0.03665         0
   192/299      1.4G   0.03772   0.05843         0   0.09615       102       416    0.8423    0.7604    0.8141    0.3287   0.04702   0.03719         0
   193/299      1.4G   0.03762   0.05786         0   0.09547       149       416    0.8875    0.7811    0.8525    0.3401   0.04639   0.03618         0
   194/299      1.4G   0.03717   0.05763         0    0.0948        86       416    0.8654    0.7986    0.8519    0.3361    0.0464   0.03591         0
   195/299      1.4G   0.03782   0.05799         0   0.09581       148       416    0.8663     0.787    0.8345    0.3277   0.04676   0.03706         0
   196/299      1.4G   0.03778   0.05877         0   0.09654       122       416    0.8724    0.7688    0.8207    0.3266   0.04668   0.03595         0
   197/299      1.4G   0.03734   0.05803         0   0.09538       132       416    0.8475    0.8225     0.855    0.3376   0.04606   0.03605         0
   198/299      1.4G   0.03739   0.05785         0   0.09524       164       416    0.8742    0.8015    0.8553    0.3515   0.04562   0.03572         0
   199/299      1.4G   0.03704   0.05727         0   0.09432       125       416    0.8423    0.7899    0.8343    0.3273   0.04763   0.03711         0
   200/299      1.4G   0.03763   0.05687         0    0.0945       109       416    0.8168    0.8045    0.8257    0.3266   0.04706   0.03611         0
   201/299      1.4G   0.03699    0.0575         0   0.09449       114       416    0.8627    0.7808    0.8261    0.3217   0.04688   0.03668         0
   202/299      1.4G   0.03714   0.05713         0   0.09427       148       416    0.8544    0.7988    0.8454    0.3509   0.04478   0.03618         0
   203/299      1.4G    0.0371    0.0572         0    0.0943       105       416    0.8501    0.8224    0.8435    0.3548   0.04441   0.03607         0
   204/299      1.4G   0.03703   0.05749         0   0.09452       165       416    0.8675    0.7749    0.8433    0.3385   0.04552    0.0357         0
   205/299      1.4G   0.03627   0.05528         0   0.09155       130       416    0.8626     0.784     0.845    0.3454   0.04607   0.03567         0
   206/299      1.4G   0.03716   0.05806         0   0.09522       140       416    0.8202    0.8107    0.8138    0.3086   0.04824   0.03701         0
   207/299      1.4G   0.03677   0.05748         0   0.09425       121       416    0.8685    0.8014     0.861    0.3584    0.0447   0.03614         0
   208/299      1.4G   0.03647   0.05603         0    0.0925       155       416    0.8583    0.8077    0.8362     0.331   0.04595   0.03621         0
   209/299      1.4G    0.0367   0.05842         0   0.09511       121       416    0.8683    0.8192    0.8636    0.3735    0.0441   0.03571         0
   210/299      1.4G    0.0362   0.05573         0   0.09193       101       416    0.8844    0.7929    0.8527    0.3579   0.04523    0.0354         0
   211/299      1.4G   0.03621   0.05613         0   0.09234       112       416    0.8408    0.8279    0.8422    0.3515   0.04539   0.03639         0
   212/299      1.4G   0.03601   0.05673         0   0.09274       122       416    0.8509    0.8105    0.8314    0.3517   0.04569   0.03685         0
   213/299      1.4G   0.03618   0.05536         0   0.09154       149       416    0.8623    0.7781     0.824     0.294   0.04954   0.03659         0
   214/299      1.4G   0.03634   0.05598         0   0.09232       131       416    0.8756    0.7929    0.8426    0.3338   0.04691   0.03635         0
   215/299      1.4G   0.03638   0.05433         0   0.09071       128       416    0.8806     0.787    0.8495    0.3359   0.04646   0.03615         0
   216/299      1.4G   0.03608    0.0543         0   0.09038       105       416    0.8786    0.8133    0.8323    0.3302   0.04701   0.03659         0
   217/299      1.4G   0.03637   0.05717         0   0.09354       134       416    0.8575    0.8018    0.8538    0.3544   0.04548   0.03674         0
   218/299      1.4G   0.03672   0.05522         0   0.09195       123       416    0.8757    0.8132    0.8472     0.357   0.04535   0.03661         0
   219/299      1.4G   0.03632   0.05669         0   0.09301       180       416    0.8806    0.8076     0.847    0.3558   0.04546   0.03612         0
   220/299      1.4G    0.0359   0.05495         0   0.09085       151       416     0.842    0.8047    0.8327    0.3541   0.04563   0.03677         0
   221/299      1.4G   0.03577   0.05527         0   0.09105        93       416    0.8876    0.7781    0.8505    0.3536    0.0455   0.03659         0
   222/299      1.4G   0.03583   0.05576         0   0.09159       167       416    0.8389    0.8047    0.8498    0.3649   0.04456   0.03633         0
   223/299      1.4G   0.03593   0.05579         0   0.09172       172       416    0.8232    0.8402    0.8444    0.3405   0.04616     0.037         0
   224/299      1.4G   0.03583    0.0564         0   0.09223       138       416     0.857    0.8166    0.8403    0.3382   0.04641   0.03636         0
   225/299      1.4G   0.03558   0.05633         0   0.09191       120       416    0.8766    0.7988    0.8448    0.3559    0.0456   0.03565         0
   226/299      1.4G    0.0358   0.05492         0   0.09073       105       416    0.8388    0.8314    0.8524    0.3443   0.04612    0.0359         0
   227/299      1.4G   0.03563   0.05497         0    0.0906       127       416    0.8471    0.8195    0.8557    0.3909   0.04285   0.03506         0
   228/299      1.4G   0.03538   0.05459         0   0.08997       104       416    0.8534    0.8107    0.8416    0.3601   0.04528   0.03529         0
   229/299      1.4G    0.0351   0.05429         0   0.08939       116       416    0.8558    0.8253    0.8506    0.3569   0.04532   0.03585         0
   230/299      1.4G   0.03544   0.05385         0    0.0893        98       416     0.885    0.8194    0.8575    0.3538   0.04538    0.0354         0
   231/299      1.4G    0.0351   0.05462         0   0.08971        92       416    0.8865    0.8166    0.8469    0.3425   0.04588   0.03627         0
   232/299      1.4G   0.03542   0.05406         0   0.08947       135       416    0.8667    0.8284    0.8379    0.3452   0.04604   0.03597         0
   233/299      1.4G    0.0352   0.05516         0   0.09036       131       416    0.8824    0.8225    0.8499    0.3657   0.04447   0.03544         0
   234/299      1.4G   0.03527   0.05596         0   0.09123       122       416    0.8869    0.8136    0.8582    0.3562   0.04476   0.03606         0
   235/299      1.4G   0.03492   0.05369         0   0.08861       113       416     0.843    0.8462    0.8432    0.3535   0.04473    0.0361         0
   236/299      1.4G   0.03505   0.05425         0    0.0893       112       416    0.8266    0.8195    0.8321     0.338   0.04601   0.03621         0
   237/299      1.4G   0.03466   0.05361         0   0.08827       133       416    0.8701    0.8166    0.8687    0.3638   0.04358   0.03618         0
   238/299      1.4G   0.03479   0.05471         0    0.0895        92       416    0.8718    0.8252    0.8499    0.3618   0.04442   0.03632         0
   239/299      1.4G   0.03502    0.0537         0   0.08872       100       416     0.879    0.8165    0.8605    0.3655   0.04416   0.03592         0
   240/299      1.4G   0.03477   0.05435         0   0.08912       102       416    0.8592    0.8136    0.8431    0.3507   0.04486   0.03635         0
   241/299      1.4G   0.03483   0.05445         0   0.08927       127       416    0.8733    0.7956    0.8365    0.3565   0.04457   0.03712         0
   242/299      1.4G   0.03505   0.05383         0   0.08888       128       416    0.8754    0.7899    0.8406    0.3471   0.04488   0.03667         0
   243/299      1.4G   0.03475   0.05415         0    0.0889       123       416    0.8629    0.8195    0.8649    0.3452   0.04536   0.03633         0
   244/299      1.4G   0.03458   0.05281         0   0.08739       118       416    0.8841    0.7899    0.8498    0.3471   0.04587   0.03666         0
   245/299      1.4G   0.03472   0.05376         0   0.08847       133       416    0.8662    0.8046    0.8485    0.3423    0.0456    0.0367         0
   246/299      1.4G   0.03427   0.05418         0   0.08845       149       416    0.8729    0.7924    0.8457    0.3414   0.04547   0.03699         0
   247/299      1.4G     0.034   0.05472         0   0.08872       113       416     0.862    0.8136     0.861    0.3438   0.04574   0.03654         0
   248/299      1.4G   0.03434   0.05216         0   0.08651       115       416    0.8514    0.8166    0.8422    0.3437   0.04524   0.03667         0
   249/299      1.4G   0.03522   0.05423         0   0.08945       142       416      0.88    0.7811    0.8429    0.3402    0.0459   0.03692         0
   250/299      1.4G   0.03402   0.05312         0   0.08714       150       416    0.8349    0.8077    0.8244    0.3288   0.04661    0.0371         0
   251/299      1.4G   0.03444   0.05315         0   0.08759       127       416    0.8709    0.7985    0.8384    0.3345    0.0458   0.03678         0
   252/299      1.4G   0.03461   0.05277         0   0.08738       119       416    0.8639    0.8107    0.8427    0.3467   0.04536   0.03687         0
   253/299      1.4G    0.0343   0.05398         0   0.08828       102       416    0.8638    0.8071    0.8478    0.3586   0.04403   0.03668         0
   254/299      1.4G   0.03428   0.05436         0   0.08864       132       416    0.8507    0.8432    0.8555    0.3595   0.04395   0.03626         0
   255/299      1.4G   0.03447    0.0537         0   0.08816       142       416    0.8387    0.8166    0.8345    0.3502   0.04553   0.03621         0
   256/299      1.4G   0.03352   0.05205         0   0.08556       111       416    0.8633    0.7899    0.8286    0.3397   0.04576   0.03662         0
   257/299      1.4G   0.03401   0.05479         0    0.0888       148       416    0.8655    0.8225    0.8566    0.3626   0.04432   0.03661         0
   258/299      1.4G   0.03437   0.05275         0   0.08712       166       416    0.8934    0.7959    0.8726    0.3565   0.04477   0.03661         0
   259/299      1.4G   0.03382    0.0519         0   0.08573       175       416    0.8856     0.787    0.8564    0.3506   0.04522   0.03675         0
   260/299      1.4G   0.03438   0.05388         0   0.08827       116       416    0.8639    0.8077    0.8551    0.3551    0.0453   0.03683         0
   261/299      1.4G   0.03407   0.05204         0    0.0861       110       416    0.8424    0.8225    0.8441    0.3454   0.04546   0.03726         0
   262/299      1.4G   0.03414   0.05349         0   0.08763       101       416    0.8326    0.8402    0.8539    0.3439   0.04556   0.03739         0
   263/299      1.4G   0.03413   0.05193         0   0.08606       107       416    0.8479    0.8462    0.8652    0.3554   0.04472   0.03639         0
   264/299      1.4G   0.03409   0.05371         0    0.0878       120       416    0.8635    0.8046    0.8423    0.3499   0.04508    0.0367         0
   265/299      1.4G   0.03389   0.05444         0   0.08832       148       416    0.8616    0.8107    0.8517    0.3475   0.04499   0.03717         0
   266/299      1.4G   0.03341   0.05269         0   0.08609       100       416    0.8705    0.8166    0.8536    0.3466    0.0452   0.03679         0
   267/299      1.4G   0.03362   0.05283         0   0.08645       125       416    0.8494    0.8018    0.8185    0.3376   0.04562   0.03659         0
   268/299      1.4G   0.03397   0.05367         0   0.08765       145       416    0.8885    0.7781    0.8468    0.3574   0.04472   0.03634         0
   269/299      1.4G   0.03416   0.05384         0     0.088       155       416    0.8645    0.7927    0.8414     0.357   0.04478   0.03641         0
   270/299      1.4G   0.03361   0.05232         0   0.08593       153       416    0.8841    0.7898    0.8488    0.3453   0.04576   0.03677         0
   271/299      1.4G   0.03332   0.05192         0   0.08524       150       416    0.8486    0.7958    0.8379    0.3562   0.04475   0.03684         0
   272/299      1.4G   0.03384   0.05259         0   0.08643       142       416    0.8621    0.8136    0.8578    0.3731   0.04353   0.03636         0
   273/299      1.4G   0.03369   0.05163         0   0.08532       134       416    0.8862    0.8077    0.8656    0.3642   0.04426   0.03635         0
   274/299      1.4G   0.03359   0.05331         0   0.08691       122       416    0.8523    0.8194    0.8583    0.3503    0.0453   0.03608         0
   275/299      1.4G    0.0333   0.05176         0   0.08506       162       416    0.8378    0.8254    0.8469    0.3493   0.04513   0.03662         0
   276/299      1.4G   0.03334   0.05228         0   0.08562        70       416    0.8646    0.8136    0.8392    0.3404   0.04542   0.03737         0
   277/299      1.4G   0.03332   0.05209         0   0.08541       147       416    0.8447    0.8046    0.8437    0.3544   0.04481   0.03713         0
   278/299      1.4G   0.03348   0.05065         0   0.08413       162       416    0.8732    0.7959    0.8401    0.3488    0.0459   0.03699         0
   279/299      1.4G   0.03351   0.05232         0   0.08583       136       416    0.8881    0.7986    0.8565    0.3585   0.04533   0.03585         0
   280/299      1.4G    0.0332   0.05035         0   0.08355       102       416    0.8626    0.7988    0.8423    0.3445    0.0462   0.03619         0
   281/299      1.4G    0.0332   0.05214         0   0.08534       125       416     0.863    0.8017     0.841    0.3498   0.04565   0.03679         0
   282/299      1.4G   0.03326   0.05038         0   0.08364        97       416    0.8896    0.8104    0.8619      0.35   0.04515   0.03647         0
   283/299      1.4G   0.03335   0.05165         0   0.08501       105       416    0.8814    0.8135    0.8685    0.3572    0.0447   0.03693         0
   284/299      1.4G   0.03322   0.05372         0   0.08694       135       416    0.8475    0.8225    0.8444    0.3467   0.04551   0.03665         0
   285/299      1.4G   0.03298   0.05168         0   0.08465        97       416    0.8672    0.8311    0.8624    0.3719   0.04368   0.03561         0
   286/299      1.4G   0.03319   0.05155         0   0.08474       122       416    0.8864    0.8314    0.8582    0.3653   0.04441   0.03623         0
   287/299      1.4G   0.03316   0.05106         0   0.08422       135       416    0.8701    0.8166    0.8522    0.3527   0.04499   0.03676         0
   288/299      1.4G   0.03323   0.05058         0   0.08381       119       416    0.8573    0.8195    0.8647    0.3518   0.04549   0.03692         0
   289/299      1.4G   0.03312   0.05061         0   0.08372       115       416     0.857    0.8166    0.8548     0.351   0.04553   0.03667         0
   290/299      1.4G   0.03304   0.05253         0   0.08557       124       416    0.8478    0.8402    0.8636    0.3585   0.04517   0.03631         0
   291/299      1.4G   0.03325   0.05067         0   0.08391        98       416    0.8926    0.8136    0.8714    0.3714   0.04438   0.03559         0
   292/299      1.4G   0.03282   0.05129         0   0.08411       155       416    0.8977    0.8045    0.8667    0.3615   0.04476   0.03583         0
   293/299      1.4G   0.03313   0.05156         0   0.08469       133       416    0.8661    0.8047    0.8482    0.3509    0.0453   0.03661         0
   294/299      1.4G   0.03296   0.05086         0   0.08382       104       416     0.858    0.8224    0.8516    0.3583    0.0444   0.03683         0
   295/299      1.4G   0.03286   0.05024         0    0.0831        93       416    0.8633    0.8219    0.8492    0.3619   0.04452   0.03638         0
   296/299      1.4G   0.03336   0.05061         0   0.08397       146       416    0.8961    0.8164    0.8607    0.3569   0.04467   0.03638         0
   297/299      1.4G   0.03304   0.05278         0   0.08582        95       416    0.8598    0.8165    0.8412    0.3383   0.04578   0.03672         0
   298/299      1.4G   0.03313   0.05137         0    0.0845       110       416    0.8767    0.8047    0.8471    0.3521   0.04494   0.03636         0
   299/299      1.4G   0.03278   0.05152         0    0.0843       162       416    0.8867    0.8343    0.8711    0.3681   0.04391   0.03618         0
