     0/299     1.83G      0.11   0.06666         0    0.1767        60       416  0.008349    0.2663  0.003392 0.0004594   0.09452    0.0535         0
     1/299     1.84G    0.1035   0.07578         0    0.1793        44       416  0.008813    0.2811  0.003524 0.0004692   0.08917   0.05729         0
     2/299     1.84G    0.1011   0.08503         0    0.1862        60       416  0.008127    0.2249  0.002511  0.000374   0.08783   0.05806         0
     3/299     1.84G   0.09862   0.07789         0    0.1765        44       416  0.008349    0.2663  0.002825  0.000462   0.08666   0.05889         0
     4/299     1.84G   0.09768    0.0777         0    0.1754        48       416  0.008163    0.2604  0.002781 0.0004244   0.08635   0.05909         0
     5/299     1.84G   0.09612   0.07549         0    0.1716        15       416  0.008216    0.1598  0.002639 0.0003761    0.0866   0.05885         0
     6/299     1.84G   0.09666   0.08057         0    0.1772        24       416  0.007401    0.1893  0.002608 0.0004376   0.08991   0.05671         0
     7/299     1.84G   0.09563   0.07618         0    0.1718        38       416  0.006594    0.1982   0.00214 0.0003111     0.097    0.0525         0
     8/299     1.84G   0.09526    0.0803         0    0.1756        45       416  0.007333     0.358  0.002756 0.0004225   0.09633   0.05306         0
     9/299     1.84G   0.09521   0.07887         0    0.1741        44       416   0.00757    0.1006  0.002424 0.0004094   0.09184   0.05575         0
    10/299     1.84G   0.09519   0.07775         0    0.1729        28       416   0.01176    0.1805  0.005281 0.0008389   0.08606   0.05913         0
    11/299     1.84G   0.09528   0.07877         0     0.174        35       416   0.01351    0.1627  0.005754  0.000968    0.0864   0.05851         0
    12/299     1.84G   0.09494   0.07427         0    0.1692        57       416   0.01519    0.1006  0.006041  0.000941    0.0887   0.05691         0
    13/299     1.84G   0.09466   0.07378         0    0.1684        56       416   0.01474    0.1509  0.006071  0.001119   0.09125   0.05469         0
    14/299     1.84G   0.09356   0.07541         0     0.169        47       416   0.03337    0.1479   0.01302  0.002416   0.08658    0.0562         0
    15/299     1.84G   0.09276   0.07571         0    0.1685        38       416   0.08939    0.2337   0.05014   0.01013   0.08294   0.05704         0
    16/299     1.84G   0.09067   0.07729         0     0.168        43       416    0.1534    0.1657   0.07737   0.01786   0.08173   0.05676         0
    17/299     1.84G   0.08982   0.07501         0    0.1648        46       416     0.148    0.2544   0.09988   0.02275   0.08113   0.05462         0
    18/299     1.84G   0.08771   0.07577         0    0.1635        61       416    0.2351    0.2101    0.1246   0.02831   0.07855   0.05376         0
    19/299     1.84G   0.08561   0.07094         0    0.1566        25       416    0.2422    0.3284     0.199   0.04563   0.07458   0.05537         0
    20/299     1.84G   0.08364   0.07001         0    0.1536        37       416    0.2428    0.3757    0.1862   0.04476   0.07408   0.05018         0
    21/299     1.84G   0.08168   0.06884         0    0.1505        59       416    0.2628    0.4408    0.2216   0.05666    0.0716   0.05038         0
    22/299     1.84G   0.07917   0.07212         0    0.1513        50       416    0.1119    0.3491   0.08516   0.02081     0.074    0.0639         0
    23/299     1.84G   0.07909    0.0709         0      0.15        32       416    0.2749     0.432    0.2422    0.0599   0.07182   0.04669         0
    24/299     1.84G   0.07817   0.06868         0    0.1469        25       416    0.3766    0.4142    0.3151   0.08467   0.06957   0.04688         0
    25/299     1.84G   0.07692   0.06924         0    0.1462        61       416    0.4338    0.3808    0.3613    0.1064   0.06669   0.04809         0
    26/299     1.84G   0.07866   0.06941         0    0.1481        42       416    0.3973    0.4642    0.3534   0.08857   0.06936   0.04528         0
    27/299     1.84G   0.07572   0.06896         0    0.1447        40       416     0.383    0.4349    0.3114   0.09488   0.06448   0.04717         0
    28/299     1.84G   0.07313   0.06808         0    0.1412        63       416    0.2648     0.423    0.2395   0.07254   0.06795   0.04702         0
    29/299     1.84G   0.07359    0.0658         0    0.1394        57       416    0.4469    0.4231    0.3577    0.1133   0.06509   0.04803         0
    30/299     1.84G   0.07269   0.06712         0    0.1398        48       416   0.01722    0.2626  0.008591  0.001541   0.09953    0.1375         0
    31/299     1.84G   0.07322   0.06908         0    0.1423        43       416   0.06965    0.2751   0.03814  0.009078   0.08069   0.05565         0
    32/299     1.84G   0.07149   0.06317         0    0.1347        39       416   0.08813    0.0858   0.02903  0.004556   0.09262   0.04821         0
    33/299     1.84G   0.07223   0.06455         0    0.1368        54       416    0.1971    0.2929    0.1185   0.03013   0.07421   0.04848         0
    34/299     1.84G   0.06943   0.06654         0     0.136        37       416    0.3592    0.5059    0.3222    0.1103    0.0639    0.0445         0
    35/299     1.84G    0.0692    0.0651         0    0.1343        30       416    0.3747     0.429    0.3055    0.1007   0.06627   0.04836         0
    36/299     1.84G   0.06861   0.06365         0    0.1323        24       416    0.5035    0.5178     0.476    0.1669   0.06563   0.04273         0
    37/299     1.84G   0.06683   0.06537         0    0.1322        32       416    0.5557    0.4941    0.5016    0.1803   0.06299   0.04399         0
    38/299     1.84G   0.06798   0.06675         0    0.1347        51       416    0.4878    0.6142    0.5396     0.196   0.05917   0.04326         0
    39/299     1.84G   0.06797   0.06632         0    0.1343        80       416    0.4345    0.5229     0.402    0.1209   0.06374   0.04383         0
    40/299     1.84G    0.0678   0.06653         0    0.1343        48       416    0.5081    0.5385    0.4773    0.1447   0.06064   0.04094         0
    41/299     1.84G   0.06933   0.06394         0    0.1333        45       416    0.4228     0.568    0.4434    0.1344   0.06294    0.0422         0
    42/299     1.84G   0.06704   0.06382         0    0.1309        72       416    0.5559    0.6361    0.5917    0.2143   0.05612   0.04296         0
    43/299     1.84G   0.06983   0.06241         0    0.1322        33       416    0.4079    0.3609    0.2745   0.07611   0.06978   0.04671         0
    44/299     1.84G   0.06584   0.06573         0    0.1316        52       416    0.1033    0.1657   0.04132    0.0103   0.07892   0.08499         0
    45/299     1.84G   0.06586   0.06637         0    0.1322        46       416     0.375    0.3935    0.2956    0.1036   0.06896   0.04961         0
    46/299     1.84G   0.06488   0.06442         0    0.1293        28       416    0.4769    0.2455    0.2282   0.06467   0.07972   0.04603         0
    47/299     1.84G   0.06299   0.06742         0    0.1304        37       416    0.5816    0.4142    0.4176    0.1587   0.06516   0.04758         0
    48/299     1.84G   0.06366   0.06317         0    0.1268        57       416    0.5856    0.6062    0.6088    0.2398   0.05654   0.04243         0
    49/299     1.84G   0.06164   0.06573         0    0.1274        61       416    0.5376    0.6123    0.5214    0.1605   0.05915   0.04623         0
    50/299     1.84G   0.06289   0.06272         0    0.1256        59       416    0.5821    0.6183    0.6011    0.2474   0.05717   0.04248         0
    51/299     1.84G   0.05987   0.05733         0    0.1172        27       416    0.5518    0.6594    0.5713     0.243   0.05631    0.0449         0
    52/299     1.84G   0.06089   0.05741         0    0.1183        45       416    0.6754    0.5976    0.6402    0.2554     0.057   0.04203         0
    53/299     1.84G   0.05935   0.05922         0    0.1186        31       416    0.5746    0.6716    0.5844    0.1657   0.05992   0.03986         0
    54/299     1.84G   0.05998   0.06448         0    0.1245        58       416    0.6649    0.7337    0.7272    0.2917   0.05222   0.04023         0
    55/299     1.84G   0.05778   0.06149         0    0.1193        49       416    0.6776    0.7276    0.7263    0.3203   0.05029   0.03894         0
    56/299     1.84G   0.05966   0.05962         0    0.1193        17       416    0.7692    0.6509     0.722    0.2725   0.05439   0.03998         0
    57/299     1.84G   0.06009   0.05966         0    0.1198        28       416    0.7324    0.6477    0.6954    0.3022   0.05288   0.03994         0
    58/299     1.84G   0.05749   0.05744         0    0.1149        34       416    0.7142    0.7367    0.7274    0.3204   0.05074   0.04118         0
    59/299     1.84G   0.05621   0.06095         0    0.1172        18       416     0.643    0.5915    0.5745     0.236   0.05856     0.043         0
    60/299     1.84G   0.05762   0.05927         0    0.1169        41       416    0.7529    0.7031    0.7446    0.3194    0.0512   0.03887         0
    61/299     1.84G   0.05817   0.06372         0    0.1219        28       416    0.7093    0.6857    0.7239    0.3192   0.05154   0.04013         0
    62/299     1.84G   0.05572   0.05897         0    0.1147        21       416    0.8061    0.6644    0.7526    0.3448   0.04941   0.03874         0
    63/299     1.84G   0.05633   0.05791         0    0.1142        43       416     0.725    0.7101    0.7452    0.3371   0.04881   0.03863         0
    64/299     1.84G   0.05592    0.0603         0    0.1162        59       416    0.5293    0.7751    0.5137    0.2161   0.05077   0.04369         0
    65/299     1.84G   0.05702    0.0611         0    0.1181        34       416    0.6986    0.7189    0.6992     0.296   0.05381   0.03848         0
    66/299     1.84G   0.05567   0.05931         0     0.115        49       416    0.7074    0.7337    0.7426    0.3376   0.05152   0.03741         0
    67/299     1.84G   0.05469   0.05874         0    0.1134        41       416    0.7445    0.7219     0.744    0.3258   0.05109   0.03675         0
    68/299     1.84G    0.0539   0.05639         0    0.1103        26       416    0.7391    0.7039     0.761    0.3515   0.04899   0.03888         0
    69/299     1.84G   0.05428   0.05885         0    0.1131        53       416    0.7114    0.7396    0.7407     0.354   0.05004   0.03776         0
    70/299     1.84G   0.05593   0.05674         0    0.1127        45       416     0.739    0.7485    0.7854     0.295   0.05213   0.03763         0
    71/299     1.84G   0.05409   0.05408         0    0.1082        34       416     0.771    0.7278    0.7802    0.3641   0.04855   0.03763         0
    72/299     1.84G   0.05399   0.06099         0     0.115        44       416    0.4807    0.8136    0.4828    0.2215   0.04772   0.04192         0
    73/299     1.84G   0.05353   0.05548         0     0.109        13       416    0.5596    0.6923    0.4958    0.2229   0.04703   0.03999         0
    74/299     1.84G   0.05435   0.05852         0    0.1129        21       416    0.7626    0.7515    0.7883    0.2955   0.05258   0.03783         0
    75/299     1.84G     0.056   0.05543         0    0.1114        55       416    0.7118    0.7485    0.7432    0.3162   0.04905    0.0381         0
    76/299     1.84G   0.05463   0.05749         0    0.1121        55       416    0.7245    0.7663    0.7436    0.3543   0.04713   0.03673         0
    77/299     1.84G   0.05321   0.05884         0     0.112        38       416    0.7635    0.7308    0.7642    0.3542   0.04916   0.03866         0
    78/299     1.84G   0.05352   0.05673         0    0.1102        51       416    0.7334    0.7515    0.7764    0.3632   0.04664   0.03801         0
    79/299     1.84G   0.05227   0.05644         0    0.1087        66       416     0.758    0.6949    0.7627    0.3604   0.04876   0.03901         0
    80/299     1.84G    0.0523   0.06008         0    0.1124        40       416    0.8031     0.748    0.7859    0.3652   0.04672   0.03649         0
    81/299     1.84G   0.05279   0.06034         0    0.1131        37       416    0.7231    0.6799    0.7007    0.2834   0.05405   0.03755         0
    82/299     1.84G   0.05263   0.05703         0    0.1097        51       416  0.003111     0.142 0.0004677 0.0001095    0.1072     2.183         0
    83/299     1.84G   0.05142   0.05927         0    0.1107        13       416    0.2365     0.784    0.2104   0.09532    0.0497   0.05583         0
    84/299     1.84G   0.05141   0.05665         0    0.1081        76       416    0.8162    0.7101    0.7913    0.3703   0.04739   0.03669         0
    85/299     1.84G   0.05161     0.057         0    0.1086        55       416    0.7382    0.7508    0.7413    0.2998   0.05015   0.03668         0
    86/299     1.84G   0.05298   0.05466         0    0.1076        58       416    0.7933    0.7396    0.7692    0.3549   0.04833   0.03805         0
    87/299     1.84G   0.05021   0.06085         0    0.1111        63       416    0.7652    0.7809    0.7931    0.3694   0.04645   0.03712         0
    88/299     1.84G   0.05147   0.05462         0    0.1061        55       416    0.8269    0.7249    0.8155    0.3762   0.04761   0.03672         0
    89/299     1.84G   0.05032   0.05595         0    0.1063        56       416    0.7519    0.7988    0.8201    0.4064   0.04488   0.03647         0
    90/299     1.84G    0.0503   0.05692         0    0.1072        60       416    0.8012    0.7308    0.8024    0.3968   0.04576   0.03722         0
    91/299     1.84G   0.05068   0.05569         0    0.1064        43       416    0.7617    0.8432    0.8193    0.3967   0.04547   0.03583         0
    92/299     1.84G   0.04972   0.05523         0    0.1049        63       416    0.5457    0.8103    0.5134      0.24    0.0454   0.04229         0
    93/299     1.84G   0.04958   0.05749         0    0.1071        83       416    0.8279    0.7692    0.8352    0.3747   0.04616   0.03569         0
    94/299     1.84G   0.05041   0.05684         0    0.1072        49       416    0.3926    0.7306    0.3528    0.1569   0.04786   0.04447         0
    95/299     1.84G   0.05035   0.05501         0    0.1054        46       416    0.3428    0.7071    0.3003    0.1334   0.04797   0.05908         0
    96/299     1.84G   0.05059   0.05389         0    0.1045        44       416    0.5634      0.71    0.5074    0.2372   0.04593   0.03795         0
    97/299     1.84G     0.048   0.05558         0    0.1036        52       416    0.7604    0.7308    0.7659    0.3577   0.04856   0.03673         0
    98/299     1.84G   0.05018   0.05526         0    0.1054        40       416    0.8637     0.716    0.8363    0.4162   0.04475   0.03538         0
    99/299     1.84G   0.04983   0.05669         0    0.1065        52       416    0.7781    0.6743    0.7437     0.324   0.05003   0.03748         0
   100/299     1.84G   0.04919   0.05252         0    0.1017        51       416    0.7429    0.8047    0.8232    0.4079   0.04453   0.03741         0
   101/299     1.84G    0.0496   0.05586         0    0.1055        15       416    0.7491    0.7951    0.7902    0.3748   0.04776   0.03727         0
   102/299     1.84G   0.04852   0.05764         0    0.1062        57       416    0.8255    0.7604    0.8147    0.3946   0.04554   0.03745         0
   103/299     1.84G   0.04848   0.05188         0    0.1004        28       416    0.7979    0.7485    0.8048    0.3934   0.04612   0.03614         0
   104/299     1.84G   0.04779    0.0565         0    0.1043        57       416    0.4152    0.7751    0.3902    0.1821   0.04365   0.04608         0
   105/299     1.84G   0.04803   0.05353         0    0.1016        51       416    0.7459    0.8075    0.7784    0.3783   0.04399   0.03549         0
   106/299     1.84G   0.04744   0.05374         0    0.1012        30       416    0.8497    0.7691    0.8414    0.4157   0.04488   0.03583         0
   107/299     1.84G    0.0487   0.05549         0    0.1042        27       416    0.8215    0.7897    0.8452    0.4271   0.04358   0.03505         0
   108/299     1.84G   0.04771   0.05386         0    0.1016        45       416    0.8222    0.7662    0.8011    0.4001   0.04388   0.03529         0
   109/299     1.84G   0.04911    0.0536         0    0.1027        37       416    0.8386    0.7396    0.8395    0.4183   0.04377   0.03489         0
   110/299     1.84G   0.04812   0.05204         0    0.1002        46       416    0.7999    0.7689    0.8357    0.4093   0.04559   0.03559         0
   111/299     1.84G   0.04907    0.0559         0     0.105        45       416     0.815    0.7692    0.8211    0.3833   0.04663   0.03531         0
   112/299     1.84G   0.04943   0.05832         0    0.1077        67       416    0.8889     0.713    0.8481    0.4205   0.04455   0.03473         0
   113/299     1.84G   0.04997    0.0544         0    0.1044        34       416    0.5329    0.7425    0.5062    0.2391   0.04492   0.03779         0
   114/299     1.84G   0.04905   0.05388         0    0.1029        54       416    0.8401    0.7781    0.8462    0.4016   0.04551   0.03488         0
   115/299     1.84G    0.0474    0.0521         0    0.0995        35       416    0.8283    0.7426    0.8299    0.3885   0.04674    0.0347         0
   116/299     1.84G   0.04835    0.0515         0   0.09985        22       416    0.7734    0.7988    0.8401    0.4101   0.04476   0.03566         0
   117/299     1.84G   0.04781   0.05194         0   0.09975        45       416    0.8214    0.7899    0.8548    0.4365     0.043   0.03447         0
   118/299     1.84G   0.04625   0.05684         0    0.1031        62       416     0.817    0.7811    0.8519    0.4197   0.04362   0.03532         0
   119/299     1.84G   0.04686   0.05442         0    0.1013        46       416    0.8414    0.7692    0.8484    0.4218   0.04363   0.03518         0
   120/299     1.84G   0.04638   0.05191         0   0.09829        39       416    0.7806    0.8106    0.8584     0.423   0.04394   0.03574         0
   121/299     1.84G   0.04822   0.05138         0    0.0996        36       416    0.8634    0.7485    0.8472    0.4013   0.04594   0.03513         0
   122/299     1.84G   0.04728   0.05145         0   0.09873        27       416    0.8251    0.7536    0.8253    0.3641   0.04767   0.03543         0
   123/299     1.84G   0.04668   0.05154         0   0.09822        36       416    0.8222    0.8077    0.8525    0.4391   0.04347   0.03453         0
   124/299     1.84G   0.04672   0.05523         0    0.1019        25       416    0.8375    0.7515    0.8381    0.4167   0.04436   0.03571         0
   125/299     1.84G   0.04556   0.04995         0    0.0955        48       416    0.8451    0.7746    0.8376    0.3976   0.04553   0.03514         0
   126/299     1.84G    0.0462   0.05201         0   0.09821        29       416    0.7935    0.8183      0.86    0.4357   0.04328   0.03564         0
   127/299     1.84G   0.04659   0.05016         0   0.09675        39       416    0.8046    0.7219    0.7665    0.3565   0.04605   0.03547         0
   128/299     1.84G    0.0458   0.05051         0   0.09632        25       416    0.8261    0.8018    0.8646    0.4414   0.04231   0.03547         0
   129/299     1.84G   0.04572   0.05221         0   0.09793        38       416     0.851    0.7633    0.8545     0.418   0.04291    0.0345         0
   130/299     1.84G   0.04556    0.0527         0   0.09826        65       416    0.8499    0.7541    0.8413      0.43   0.04351   0.03578         0
   131/299     1.84G   0.04405    0.0508         0   0.09485        39       416    0.8445    0.7722    0.8555    0.4343   0.04344   0.03417         0
   132/299     1.84G   0.04534   0.05073         0   0.09607        27       416    0.7627    0.7987    0.8282     0.404   0.04529    0.0356         0
   133/299     1.84G    0.0455   0.05305         0   0.09856        25       416    0.8847    0.7038     0.832    0.3996   0.04496   0.03406         0
   134/299     1.84G   0.04545   0.04874         0   0.09419        28       416    0.7853    0.8195    0.8405    0.4134   0.04418   0.03564         0
   135/299     1.84G    0.0456   0.05194         0   0.09755        29       416    0.8012    0.7633    0.8347    0.4118   0.04331   0.03474         0
   136/299     1.84G   0.04624   0.05056         0    0.0968        35       416    0.8429    0.7515    0.8304    0.4101   0.04409   0.03503         0
   137/299     1.84G   0.04661   0.04805         0   0.09466        15       416    0.8611    0.7751    0.8558    0.4386   0.04256   0.03367         0
   138/299     1.84G   0.04489   0.05112         0   0.09601        32       416    0.8354    0.8136    0.8663    0.4438    0.0423   0.03391         0
   139/299     1.84G   0.04475   0.05119         0   0.09594        32       416    0.8146    0.8195    0.8619    0.4378   0.04226   0.03406         0
   140/299     1.84G   0.04431   0.05156         0   0.09587        30       416     0.813    0.8102     0.839    0.4035   0.04422   0.03573         0
   141/299     1.84G   0.04447   0.05087         0   0.09533        24       416    0.8247    0.8225    0.8539    0.4241   0.04294   0.03439         0
   142/299     1.84G   0.04545   0.05046         0   0.09591        28       416    0.8328    0.7662    0.8282    0.4047   0.04454   0.03538         0
   143/299     1.84G   0.04373   0.04778         0   0.09151        32       416    0.8554    0.7426    0.8367    0.4129   0.04338   0.03522         0
   144/299     1.84G   0.04583   0.05214         0   0.09796        30       416    0.7665     0.787    0.8081    0.3729   0.04558   0.03585         0
   145/299     1.84G   0.04434    0.0503         0   0.09463        62       416    0.8302     0.781    0.8579    0.4422   0.04317   0.03409         0
   146/299     1.84G   0.04419   0.05064         0   0.09483        43       416    0.7843    0.8402    0.8653    0.4519   0.04234   0.03398         0
   147/299     1.84G   0.04459   0.05276         0   0.09734        76       416    0.8076    0.8195    0.8625    0.4421   0.04181   0.03424         0
   148/299     1.84G   0.04345   0.04878         0   0.09223        37       416    0.8103    0.8215    0.8534    0.4318   0.04255   0.03421         0
   149/299     1.84G   0.04399   0.05206         0   0.09605        54       416    0.8222    0.8073    0.8647    0.4335   0.04256   0.03404         0
   150/299     1.84G   0.04401   0.04857         0   0.09258        36       416     0.811    0.8253    0.8486    0.4286   0.04314   0.03431         0
   151/299     1.84G   0.04357    0.0477         0   0.09127        41       416    0.8487    0.8136    0.8501    0.4327   0.04311   0.03417         0
   152/299     1.84G   0.04453   0.05281         0   0.09734        46       416    0.8165    0.8165    0.8537    0.4221    0.0436   0.03497         0
   153/299     1.84G   0.04427   0.04947         0   0.09374        36       416    0.7647    0.7595    0.7919    0.3634   0.04743    0.0352         0
   154/299     1.84G   0.04427   0.05064         0   0.09491        23       416    0.8502    0.7604    0.8521    0.4272   0.04275   0.03499         0
   155/299     1.84G   0.04422   0.05126         0   0.09548        29       416    0.8587    0.8107    0.8699     0.445   0.04214   0.03341         0
   156/299     1.84G   0.04335   0.05196         0   0.09531        41       416    0.8581    0.7751    0.8737    0.4366   0.04194   0.03414         0
   157/299     1.84G   0.04321   0.05152         0   0.09473        63       416    0.8728    0.7512      0.87    0.4544   0.04163   0.03391         0
   158/299     1.84G   0.04254   0.04727         0   0.08981        44       416    0.8265    0.7899    0.8631     0.449    0.0424   0.03356         0
   159/299     1.84G   0.04349   0.05109         0   0.09458        38       416    0.8523    0.7856    0.8644    0.4394    0.0418   0.03339         0
   160/299     1.84G   0.04417   0.05073         0    0.0949        54       416    0.8177     0.784    0.7893    0.3969   0.04234   0.03431         0
   161/299     1.84G   0.04423   0.05173         0   0.09597        60       416    0.8547     0.784    0.8506    0.4294   0.04183   0.03421         0
   162/299     1.84G   0.04382   0.05376         0   0.09757        39       416    0.8331    0.8136    0.8509    0.4337   0.04094   0.03456         0
   163/299     1.84G   0.04306   0.04863         0   0.09169        38       416    0.8857    0.7564    0.8347     0.393   0.04503   0.03461         0
   164/299     1.84G   0.04344    0.0504         0   0.09383        45       416    0.8287    0.8015     0.863    0.4285   0.04323   0.03377         0
   165/299     1.84G   0.04441   0.05078         0   0.09519        29       416    0.8629    0.7632    0.8423    0.4264   0.04346   0.03385         0
   166/299     1.84G   0.04309   0.04941         0    0.0925        37       416    0.8893    0.7692    0.8683    0.4454   0.04206   0.03415         0
   167/299     1.84G    0.0442   0.04756         0   0.09176        29       416    0.8225    0.8088    0.8501    0.4337   0.04254   0.03435         0
   168/299     1.84G    0.0432   0.04847         0   0.09166        30       416    0.9061    0.7425    0.8483    0.4401   0.04199   0.03422         0
   169/299     1.84G   0.04277   0.04861         0   0.09138        65       416    0.8176    0.7958    0.8486    0.4208   0.04282   0.03405         0
   170/299     1.84G    0.0433   0.05166         0   0.09496        39       416    0.8428    0.7929    0.8571    0.4296   0.04293   0.03438         0
   171/299     1.84G   0.04457    0.0507         0   0.09527        37       416    0.8386    0.8314    0.8735    0.4412   0.04259   0.03429         0
   172/299     1.84G   0.04354   0.05037         0   0.09391        44       416     0.868    0.7781    0.8676    0.4293   0.04254   0.03457         0
   173/299     1.84G   0.04247   0.04801         0   0.09048        44       416    0.8354    0.7811    0.8502    0.4345   0.04296   0.03386         0
   174/299     1.84G   0.04212   0.04908         0   0.09121        39       416    0.8111     0.813    0.8572    0.4451   0.04173   0.03382         0
   175/299     1.84G   0.04199   0.04803         0   0.09001        25       416    0.8439    0.7836     0.852    0.4309   0.04228   0.03377         0
   176/299     1.84G   0.04189   0.05033         0   0.09222        47       416    0.8203     0.784    0.8482    0.4218    0.0426   0.03457         0
   177/299     1.84G    0.0423   0.04804         0   0.09034        42       416    0.7891    0.8192    0.8489    0.4314   0.04249   0.03426         0
   178/299     1.84G   0.04269   0.05137         0   0.09406        56       416    0.8797    0.7573    0.8482    0.4317   0.04229   0.03395         0
   179/299     1.84G   0.04174   0.04978         0   0.09153        29       416    0.8521     0.787    0.8548      0.44   0.04207   0.03383         0
   180/299     1.84G   0.04129    0.0488         0   0.09008        32       416    0.8125    0.7899    0.8347    0.3912   0.04413   0.03473         0
   181/299     1.84G   0.04145   0.04536         0   0.08681        33       416    0.7935     0.807    0.8303    0.4194    0.0434   0.03465         0
   182/299     1.84G    0.0416   0.04972         0   0.09132        44       416    0.8239    0.8164    0.8623    0.4376    0.0416   0.03409         0
   183/299     1.84G   0.04151    0.0485         0   0.09001        38       416    0.8553    0.8045    0.8536    0.4279   0.04212   0.03371         0
   184/299     1.84G   0.04066   0.04555         0   0.08621        46       416    0.8302    0.7959     0.861    0.4438   0.04187   0.03334         0
   185/299     1.84G   0.04186   0.05085         0   0.09271        46       416    0.8584    0.8253     0.877    0.4516   0.04087   0.03315         0
   186/299     1.84G    0.0417    0.0467         0    0.0884        38       416    0.8496    0.8195    0.8733    0.4485    0.0411   0.03362         0
   187/299     1.84G   0.04159   0.04653         0   0.08812        37       416    0.8702    0.8134    0.8804    0.4521   0.04175   0.03269         0
   188/299     1.84G   0.04164   0.05013         0   0.09176        46       416    0.7221    0.7917     0.692    0.3139   0.04443   0.03723         0
   189/299     1.84G   0.04167   0.04788         0   0.08954        45       416    0.8648    0.7781    0.8505    0.4041   0.04384   0.03392         0
   190/299     1.84G   0.04162   0.04834         0   0.08996        57       416    0.8365    0.7899    0.8575    0.4109   0.04324   0.03374         0
   191/299     1.84G    0.0415   0.04924         0   0.09073        42       416    0.8177    0.8373    0.8676    0.4436   0.04135   0.03297         0
   192/299     1.84G   0.04173   0.04831         0   0.09004        48       416    0.8692    0.8077    0.8739    0.4507   0.04174   0.03316         0
   193/299     1.84G   0.04077   0.04719         0   0.08795        56       416    0.8488    0.7804    0.8719     0.454   0.04179   0.03288         0
   194/299     1.84G   0.04123   0.04554         0   0.08677        52       416    0.8629    0.8018    0.8807    0.4574   0.04167   0.03293         0
   195/299     1.84G   0.04137   0.04895         0   0.09033        33       416    0.8022    0.8284    0.8706    0.4428    0.0416   0.03325         0
   196/299     1.84G   0.04129   0.04582         0   0.08711        53       416    0.8368    0.8047    0.8555    0.4276   0.04233   0.03347         0
   197/299     1.84G   0.04103   0.04643         0   0.08746        38       416    0.8447    0.8047    0.8656    0.4354   0.04188   0.03343         0
   198/299     1.84G   0.04115   0.04628         0   0.08743        45       416     0.901    0.7542    0.8699    0.4535   0.04177   0.03339         0
   199/299     1.84G   0.04151   0.04683         0   0.08834        55       416    0.8873    0.7688    0.8627     0.449   0.04152   0.03354         0
   200/299     1.84G   0.04207   0.04794         0   0.09001        48       416    0.8406    0.8195    0.8684    0.4543   0.04096   0.03351         0
   201/299     1.84G   0.04013   0.04628         0   0.08641        47       416    0.8571    0.7984    0.8699    0.4496   0.04098   0.03386         0
   202/299     1.84G   0.04016   0.04601         0   0.08617        38       416    0.8625    0.8165    0.8812    0.4543    0.0411   0.03342         0
   203/299     1.84G    0.0404   0.04732         0   0.08772        52       416    0.8676    0.7988    0.8754    0.4481   0.04166   0.03357         0
   204/299     1.84G   0.04082   0.04735         0   0.08817        27       416    0.8036    0.8284    0.8592    0.4385   0.04228   0.03408         0
   205/299     1.84G   0.03914   0.04544         0   0.08458        55       416    0.8049    0.8432    0.8699    0.4447   0.04159   0.03431         0
   206/299     1.84G   0.04074   0.04734         0   0.08808        32       416    0.8851     0.775    0.8599     0.433   0.04215   0.03376         0
   207/299     1.84G   0.03949   0.04613         0   0.08562        83       416    0.8372    0.8077    0.8697    0.4352   0.04208   0.03362         0
   208/299     1.84G   0.04107   0.04717         0   0.08824        73       416    0.8422    0.7898    0.8436    0.3954   0.04453   0.03448         0
   209/299     1.84G   0.04023   0.04794         0   0.08817        51       416    0.8478    0.8076    0.8742    0.4514   0.04139   0.03332         0
   210/299     1.84G   0.03983   0.04807         0    0.0879        40       416    0.8296    0.8077    0.8742    0.4478   0.04165   0.03345         0
   211/299     1.84G    0.0401    0.0456         0    0.0857        38       416    0.8698    0.8101    0.8734    0.4466   0.04145   0.03323         0
   212/299     1.84G   0.03896   0.04647         0   0.08543        23       416    0.8429    0.8253    0.8785    0.4612   0.04074   0.03352         0
   213/299     1.84G   0.03975   0.04571         0   0.08546        26       416    0.8299    0.8371    0.8693    0.4494   0.04138   0.03297         0
   214/299     1.84G   0.03993   0.04918         0    0.0891        56       416    0.8391    0.8225    0.8706    0.4597   0.04101   0.03338         0
   215/299     1.84G   0.03947   0.04704         0    0.0865        51       416    0.8318    0.8195    0.8695    0.4547   0.04108   0.03371         0
   216/299     1.84G   0.03997   0.04658         0   0.08655        27       416    0.8501    0.8225    0.8682    0.4531    0.0415   0.03373         0
   217/299     1.84G   0.03923   0.04299         0   0.08222        69       416    0.8583    0.7899    0.8516    0.4401   0.04148   0.03404         0
   218/299     1.84G   0.03879    0.0444         0   0.08319        40       416    0.8647    0.7959    0.8643    0.4453    0.0414   0.03408         0
   219/299     1.84G   0.04028   0.04902         0    0.0893        39       416    0.8182    0.8254    0.8674    0.4318   0.04233   0.03353         0
   220/299     1.84G   0.04004   0.04419         0   0.08423        21       416    0.8437    0.7985    0.8598    0.4321   0.04223   0.03352         0
   221/299     1.84G   0.03873   0.04506         0   0.08379        36       416    0.8665    0.7899    0.8661    0.4296   0.04228   0.03389         0
   222/299     1.84G   0.03946   0.04521         0   0.08467        19       416    0.8343    0.8045    0.8592    0.4489   0.04138   0.03383         0
   223/299     1.84G   0.03895   0.04568         0   0.08463        48       416    0.8118     0.804    0.8507    0.4415   0.04203   0.03467         0
   224/299     1.84G   0.03935   0.04681         0   0.08616        47       416     0.821     0.787     0.859    0.4379   0.04172   0.03469         0
   225/299     1.84G   0.03929   0.04548         0   0.08477        34       416    0.8697    0.7899    0.8687    0.4442    0.0413   0.03422         0
   226/299     1.84G   0.03884   0.04533         0   0.08417        41       416    0.8602    0.8195    0.8749    0.4528   0.04101   0.03354         0
   227/299     1.84G   0.04004   0.05032         0   0.09035        56       416    0.8679    0.8165    0.8761    0.4418   0.04148   0.03318         0
   228/299     1.84G   0.03967   0.04649         0   0.08616        33       416    0.8567    0.7959    0.8631    0.4501    0.0415   0.03344         0
   229/299     1.84G   0.03884   0.04574         0   0.08457        44       416    0.8625    0.8163    0.8724     0.459   0.04098   0.03305         0
   230/299     1.84G   0.03887   0.04439         0   0.08326        37       416    0.8204     0.855    0.8652    0.4373   0.04198   0.03346         0
   231/299     1.84G   0.03815   0.04704         0   0.08519        59       416    0.8139    0.8284    0.8572    0.4507   0.04147   0.03403         0
   232/299     1.84G   0.03932   0.04578         0    0.0851        29       416    0.8548    0.8047    0.8801    0.4618   0.04074   0.03365         0
   233/299     1.84G   0.03784    0.0455         0   0.08334        49       416    0.8207     0.855     0.887    0.4608   0.04077   0.03308         0
   234/299     1.84G   0.03938    0.0456         0   0.08498        38       416    0.8838    0.8107    0.8895    0.4678   0.04052   0.03303         0
   235/299     1.84G    0.0393    0.0504         0    0.0897        69       416    0.8353    0.8401    0.8689      0.44   0.04183   0.03318         0
   236/299     1.84G   0.03907   0.04543         0    0.0845        24       416    0.8313    0.8165     0.857    0.4256   0.04193   0.03389         0
   237/299     1.84G   0.03955   0.04436         0   0.08391        48       416    0.8484    0.8279    0.8823    0.4605   0.04073   0.03362         0
   238/299     1.84G   0.03879   0.04575         0   0.08454        20       416     0.866    0.8047    0.8826    0.4518   0.04116    0.0334         0
   239/299     1.84G   0.03811   0.04292         0   0.08103        40       416    0.8197    0.8343    0.8734    0.4519   0.04175    0.0334         0
   240/299     1.84G   0.03847   0.04643         0    0.0849        32       416    0.8318    0.8193    0.8673    0.4524   0.04115    0.0335         0
   241/299     1.84G   0.03863   0.04227         0    0.0809        29       416    0.8216    0.8314    0.8552    0.4348     0.042   0.03372         0
   242/299     1.84G   0.03867   0.04316         0   0.08184        28       416    0.8463    0.8311    0.8843    0.4569   0.04074   0.03373         0
   243/299     1.84G   0.03791   0.04353         0   0.08145        73       416    0.8343    0.8341    0.8773     0.457   0.04059   0.03374         0
   244/299     1.84G    0.0388    0.0455         0    0.0843        31       416    0.8239    0.8314    0.8713    0.4591   0.04089   0.03371         0
   245/299     1.84G   0.03866   0.04479         0   0.08345        47       416    0.8787    0.7988    0.8655    0.4499   0.04168   0.03406         0
   246/299     1.84G   0.03893   0.04527         0    0.0842        52       416    0.8518    0.8161    0.8629    0.4455    0.0419   0.03338         0
   247/299     1.84G   0.03839   0.04627         0   0.08466        21       416    0.8367    0.8225    0.8479    0.4349   0.04156   0.03374         0
   248/299     1.84G   0.03804    0.0451         0   0.08314        42       416    0.8556    0.8254    0.8721    0.4514   0.04106   0.03326         0
   249/299     1.84G   0.03819   0.04387         0   0.08205        22       416    0.8384    0.8314    0.8465    0.4316   0.04181   0.03381         0
   250/299     1.84G   0.03795   0.04385         0    0.0818        52       416    0.8624    0.8166    0.8713    0.4522   0.04088   0.03347         0
   251/299     1.84G   0.03823    0.0446         0   0.08283        35       416    0.8501    0.8225    0.8656     0.446   0.04108   0.03337         0
   252/299     1.84G   0.03713   0.04176         0   0.07889        33       416    0.8515    0.8313    0.8729    0.4532   0.04084   0.03361         0
   253/299     1.84G   0.03809   0.04776         0   0.08585        55       416     0.854    0.8132    0.8669    0.4564   0.04093    0.0334         0
   254/299     1.84G    0.0387    0.0486         0    0.0873        57       416    0.8813    0.7691     0.857    0.4305   0.04236   0.03384         0
   255/299     1.84G   0.03918   0.04309         0   0.08228        57       416    0.8884    0.7811    0.8615    0.4405    0.0413   0.03385         0
   256/299     1.84G   0.03837   0.04452         0   0.08289        15       416    0.8501    0.8224    0.8783    0.4677   0.04092   0.03323         0
   257/299     1.84G   0.03719   0.04465         0   0.08184        43       416     0.858    0.8225    0.8743    0.4499   0.04122   0.03309         0
   258/299     1.84G   0.03745    0.0447         0   0.08215        43       416    0.8759    0.7959    0.8712    0.4375   0.04168   0.03346         0
   259/299     1.84G   0.03807   0.04342         0   0.08149        43       416    0.8668    0.7897    0.8639    0.4293   0.04183   0.03378         0
   260/299     1.84G   0.03827   0.04404         0   0.08231        31       416    0.8324    0.7959    0.8404    0.4104   0.04292   0.03391         0
   261/299     1.84G   0.03773   0.04416         0   0.08189        41       416    0.8408    0.8284     0.868     0.455   0.04082   0.03316         0
   262/299     1.84G   0.03736   0.04352         0   0.08088        26       416     0.808    0.8609    0.8736    0.4542   0.04054   0.03287         0
   263/299     1.84G   0.03741    0.0433         0   0.08071        24       416    0.8514    0.8309    0.8764    0.4487   0.04049   0.03327         0
   264/299     1.84G   0.03806   0.04409         0   0.08215        64       416    0.8257    0.8549    0.8797     0.453   0.04041   0.03351         0
   265/299     1.84G   0.03817   0.04139         0   0.07956        41       416    0.8669    0.8284     0.887    0.4596   0.04018   0.03322         0
   266/299     1.84G   0.03759   0.04535         0   0.08294        58       416    0.8484    0.8462    0.8844    0.4596   0.04057   0.03304         0
   267/299     1.84G   0.03713   0.04507         0   0.08221        54       416    0.8852    0.7985    0.8764    0.4593   0.04028   0.03309         0
   268/299     1.84G   0.03792   0.04599         0   0.08392        57       416    0.8751    0.7899     0.868    0.4424   0.04132    0.0337         0
   269/299     1.84G   0.03802   0.04467         0   0.08268        41       416    0.8432    0.8462     0.879    0.4577   0.04026    0.0334         0
   270/299     1.84G   0.03789   0.04428         0   0.08218        65       416     0.879    0.7956    0.8739    0.4463   0.04115   0.03321         0
   271/299     1.84G   0.03805   0.04472         0   0.08277        36       416    0.8418    0.8343    0.8741    0.4436   0.04152    0.0333         0
   272/299     1.84G   0.03772   0.04346         0   0.08118        47       416    0.8367    0.8195    0.8697    0.4464   0.04085   0.03398         0
   273/299     1.84G   0.03677   0.04118         0   0.07796        34       416    0.8892     0.784    0.8681    0.4519   0.04041   0.03384         0
   274/299     1.84G   0.03712   0.04416         0   0.08128        70       416    0.8371    0.8521    0.8777    0.4535   0.04063   0.03334         0
   275/299     1.84G   0.03762   0.04574         0   0.08336        59       416    0.8523    0.8195    0.8698    0.4469   0.04074   0.03377         0
   276/299     1.84G   0.03692   0.04494         0   0.08186        44       416    0.8229    0.8402    0.8692    0.4587   0.04056   0.03341         0
   277/299     1.84G   0.03625   0.04218         0   0.07843        32       416    0.8415    0.8432    0.8897     0.463   0.04027   0.03294         0
   278/299     1.84G   0.03704   0.04449         0   0.08153        54       416    0.8598    0.8164    0.8856    0.4662   0.04036   0.03325         0
   279/299     1.84G   0.03729   0.04459         0   0.08188        51       416    0.8549    0.8195    0.8611    0.4521    0.0413   0.03362         0
   280/299     1.84G   0.03743   0.04284         0   0.08027        21       416    0.8616    0.8102    0.8488     0.445   0.04134   0.03318         0
   281/299     1.84G   0.03758   0.04331         0   0.08089        58       416    0.8626    0.8373    0.8684    0.4583   0.04088   0.03305         0
   282/299     1.84G   0.03805   0.04444         0   0.08249        24       416    0.8558    0.8252    0.8605    0.4476   0.04108   0.03315         0
   283/299     1.84G   0.03681   0.04343         0   0.08024        36       416    0.8656    0.8195    0.8672    0.4598   0.04065   0.03317         0
   284/299     1.84G   0.03711   0.04443         0   0.08154        46       416    0.8696    0.8283    0.8842    0.4738   0.04005   0.03285         0
   285/299     1.84G   0.03738   0.04535         0   0.08273        24       416    0.8597    0.8338    0.8864    0.4572   0.04065   0.03306         0
   286/299     1.84G   0.03669   0.04269         0   0.07938        24       416    0.8631    0.8018    0.8568    0.4507   0.04119   0.03366         0
   287/299     1.84G   0.03599   0.04265         0   0.07864        44       416    0.8821    0.8194    0.8834    0.4685   0.04012   0.03321         0
   288/299     1.84G   0.03632   0.04442         0   0.08074        35       416    0.8498    0.8369    0.8657    0.4561   0.04026   0.03351         0
   289/299     1.84G   0.03718   0.04482         0     0.082        62       416    0.8486    0.8459    0.8752    0.4661    0.0401   0.03293         0
   290/299     1.84G   0.03676   0.04351         0   0.08027        25       416    0.8638    0.8284    0.8779    0.4667   0.03995   0.03299         0
   291/299     1.84G   0.03621   0.04415         0   0.08035        35       416    0.8584    0.8253    0.8712    0.4664    0.0401   0.03323         0
   292/299     1.84G   0.03629   0.04216         0   0.07845        37       416    0.8446    0.8225    0.8542    0.4456   0.04136   0.03371         0
   293/299     1.84G   0.03604   0.04411         0   0.08015        47       416     0.873    0.8339    0.8802    0.4547   0.04058   0.03351         0
   294/299     1.84G   0.03671   0.04498         0   0.08169        57       416    0.8619    0.8136    0.8599    0.4502   0.04097    0.0343         0
   295/299     1.84G   0.03813   0.04348         0   0.08161        23       416     0.873    0.8135    0.8617    0.4463   0.04099   0.03412         0
   296/299     1.84G   0.03687    0.0443         0   0.08117        54       416    0.8246    0.8343    0.8612    0.4486   0.04086   0.03366         0
   297/299     1.84G   0.03699   0.04648         0   0.08347        23       416    0.8634    0.8077    0.8707    0.4555   0.04055   0.03316         0
   298/299     1.84G   0.03676    0.0467         0   0.08346        57       416    0.8292    0.8343    0.8772    0.4577   0.04034   0.03324         0
   299/299     1.84G   0.03634   0.04332         0   0.07966        41       416    0.8496    0.8192    0.8782    0.4516   0.04112   0.03318         0
